====================================================================================== 
Player: 1
Analysed Nodes: 7278
Expanded Nodes: 100274
Alfa Cuts: 69
Beta Cuts: 1294
Time: 348ms 
Novo Estado: ((((1 0 0 0 0 0) (0 0 0 0 0 0) (0 0 0 0 0 0) (0 0 0 0 0 0) (0 0 0 0 0 0) (0 0 0 0 0 0)) ((0 0 0 0 0) (0 0 0 0 0) (0 0 0 0 0) (0 0 0 0 0) (0 0 0 0 0) (0 0 0 0 0) (0 0 0 0 0))) (0 0))
====================================================================================== 


====================================================================================== 
Player: 2
Analysed Nodes: 7037
Expanded Nodes: 94104
Alfa Cuts: 68
Beta Cuts: 1225
Time: 332ms 
Novo Estado: ((((1 2 0 0 0 0) (0 0 0 0 0 0) (0 0 0 0 0 0) (0 0 0 0 0 0) (0 0 0 0 0 0) (0 0 0 0 0 0)) ((0 0 0 0 0) (0 0 0 0 0) (0 0 0 0 0) (0 0 0 0 0) (0 0 0 0 0) (0 0 0 0 0) (0 0 0 0 0))) (0 0))
====================================================================================== 


====================================================================================== 
Player: 1
Analysed Nodes: 6866
Expanded Nodes: 92501
Alfa Cuts: 67
Beta Cuts: 1223
Time: 343ms 
Novo Estado: ((((1 2 1 0 0 0) (0 0 0 0 0 0) (0 0 0 0 0 0) (0 0 0 0 0 0) (0 0 0 0 0 0) (0 0 0 0 0 0)) ((0 0 0 0 0) (0 0 0 0 0) (0 0 0 0 0) (0 0 0 0 0) (0 0 0 0 0) (0 0 0 0 0) (0 0 0 0 0))) (0 0))
====================================================================================== 


====================================================================================== 
Player: 2
Analysed Nodes: 6632
Expanded Nodes: 86544
Alfa Cuts: 66
Beta Cuts: 1154
Time: 320ms 
Novo Estado: ((((1 2 1 2 0 0) (0 0 0 0 0 0) (0 0 0 0 0 0) (0 0 0 0 0 0) (0 0 0 0 0 0) (0 0 0 0 0 0)) ((0 0 0 0 0) (0 0 0 0 0) (0 0 0 0 0) (0 0 0 0 0) (0 0 0 0 0) (0 0 0 0 0) (0 0 0 0 0))) (0 0))
====================================================================================== 


====================================================================================== 
Player: 1
Analysed Nodes: 6466
Expanded Nodes: 85148
Alfa Cuts: 65
Beta Cuts: 1154
Time: 316ms 
Novo Estado: ((((1 2 1 2 1 0) (0 0 0 0 0 0) (0 0 0 0 0 0) (0 0 0 0 0 0) (0 0 0 0 0 0) (0 0 0 0 0 0)) ((0 0 0 0 0) (0 0 0 0 0) (0 0 0 0 0) (0 0 0 0 0) (0 0 0 0 0) (0 0 0 0 0) (0 0 0 0 0))) (0 0))
====================================================================================== 


====================================================================================== 
Player: 2
Analysed Nodes: 6363
Expanded Nodes: 79837
Alfa Cuts: 64
Beta Cuts: 1089
Time: 287ms 
Novo Estado: ((((1 2 1 2 1 2) (0 0 0 0 0 0) (0 0 0 0 0 0) (0 0 0 0 0 0) (0 0 0 0 0 0) (0 0 0 0 0 0)) ((0 0 0 0 0) (0 0 0 0 0) (0 0 0 0 0) (0 0 0 0 0) (0 0 0 0 0) (0 0 0 0 0) (0 0 0 0 0))) (0 0))
====================================================================================== 


====================================================================================== 
Player: 1
Analysed Nodes: 6438
Expanded Nodes: 86808
Alfa Cuts: 63
Beta Cuts: 1149
Time: 323ms 
Novo Estado: ((((1 2 1 2 1 2) (1 0 0 0 0 0) (0 0 0 0 0 0) (0 0 0 0 0 0) (0 0 0 0 0 0) (0 0 0 0 0 0)) ((0 0 0 0 0) (0 0 0 0 0) (0 0 0 0 0) (0 0 0 0 0) (0 0 0 0 0) (0 0 0 0 0) (0 0 0 0 0))) (0 0))
====================================================================================== 


====================================================================================== 
Player: 2
Analysed Nodes: 6256
Expanded Nodes: 84078
Alfa Cuts: 62
Beta Cuts: 1051
Time: 335ms 
Novo Estado: ((((1 2 1 2 1 2) (1 1 0 0 0 0) (0 0 0 0 0 0) (0 0 0 0 0 0) (0 0 0 0 0 0) (0 0 0 0 0 0)) ((0 0 0 0 0) (0 0 0 0 0) (0 0 0 0 0) (0 0 0 0 0) (0 0 0 0 0) (0 0 0 0 0) (0 0 0 0 0))) (0 0))
====================================================================================== 


====================================================================================== 
Player: 1
Analysed Nodes: 6247
Expanded Nodes: 93688
Alfa Cuts: 61
Beta Cuts: 1076
Time: 458ms 
Novo Estado: ((((1 2 1 2 1 2) (1 1 1 0 0 0) (0 0 0 0 0 0) (0 0 0 0 0 0) (0 0 0 0 0 0) (0 0 0 0 0 0)) ((0 0 0 0 0) (0 0 0 0 0) (0 0 0 0 0) (0 0 0 0 0) (0 0 0 0 0) (0 0 0 0 0) (0 0 0 0 0))) (0 0))
====================================================================================== 


====================================================================================== 
Player: 2
Analysed Nodes: 6114
Expanded Nodes: 100333
Alfa Cuts: 60
Beta Cuts: 1014
Time: 664ms 
Novo Estado: ((((1 2 1 2 1 2) (1 1 1 1 0 0) (0 0 0 0 0 0) (0 0 0 0 0 0) (0 0 0 0 0 0) (0 0 0 0 0 0)) ((0 0 0 0 0) (0 0 0 0 0) (0 0 0 0 0) (0 0 0 0 0) (0 0 0 0 0) (0 0 0 0 0) (0 0 0 0 0))) (0 0))
====================================================================================== 


====================================================================================== 
Player: 1
Analysed Nodes: 6083
Expanded Nodes: 115807
Alfa Cuts: 59
Beta Cuts: 1031
Time: 1129ms 
Novo Estado: ((((1 2 1 2 1 2) (1 1 1 1 1 0) (0 0 0 0 0 0) (0 0 0 0 0 0) (0 0 0 0 0 0) (0 0 0 0 0 0)) ((0 0 0 0 0) (0 0 0 0 0) (0 0 0 0 0) (0 0 0 0 0) (0 0 0 0 0) (0 0 0 0 0) (0 0 0 0 0))) (0 0))
====================================================================================== 


====================================================================================== 
Player: 2
Analysed Nodes: 5340
Expanded Nodes: 126553
Alfa Cuts: 58
Beta Cuts: 968
Time: 1915ms 
Novo Estado: ((((1 2 1 2 1 2) (1 1 1 1 1 1) (0 0 0 0 0 0) (0 0 0 0 0 0) (0 0 0 0 0 0) (0 0 0 0 0 0)) ((0 0 0 0 0) (0 0 0 0 0) (0 0 0 0 0) (0 0 0 0 0) (0 0 0 0 0) (0 0 0 0 0) (0 0 0 0 0))) (0 0))
====================================================================================== 


====================================================================================== 
Player: 1
Analysed Nodes: 5246
Expanded Nodes: 127403
Alfa Cuts: 58
Beta Cuts: 946
Time: 2150ms 
Novo Estado: ((((1 2 1 2 1 2) (1 1 1 1 1 1) (1 0 0 0 0 0) (0 0 0 0 0 0) (0 0 0 0 0 0) (0 0 0 0 0 0)) ((0 0 0 0 0) (0 0 0 0 0) (0 0 0 0 0) (0 0 0 0 0) (0 0 0 0 0) (0 0 0 0 0) (0 0 0 0 0))) (0 0))
====================================================================================== 


====================================================================================== 
Player: 2
Analysed Nodes: 5349
Expanded Nodes: 148476
Alfa Cuts: 56
Beta Cuts: 931
Time: 4070ms 
Novo Estado: ((((1 2 1 2 1 2) (1 1 1 1 1 1) (1 1 0 0 0 0) (0 0 0 0 0 0) (0 0 0 0 0 0) (0 0 0 0 0 0)) ((0 0 0 0 0) (0 0 0 0 0) (0 0 0 0 0) (0 0 0 0 0) (0 0 0 0 0) (0 0 0 0 0) (0 0 0 0 0))) (0 0))
====================================================================================== 


====================================================================================== 
Player: 1
Analysed Nodes: 4798
Expanded Nodes: 110401
Alfa Cuts: 55
Beta Cuts: 662
Time: 5652ms 
Novo Estado: ((((1 2 1 2 1 2) (1 1 1 1 1 1) (1 1 1 0 0 0) (0 0 0 0 0 0) (0 0 0 0 0 0) (0 0 0 0 0 0)) ((0 0 0 0 0) (0 0 0 0 0) (0 0 0 0 0) (0 0 0 0 0) (0 0 0 0 0) (0 0 0 0 0) (0 0 0 0 0))) (0 0))
====================================================================================== 


====================================================================================== 
Player: 2
Analysed Nodes: 4933
Expanded Nodes: 139523
Alfa Cuts: 54
Beta Cuts: 718
Time: 4575ms 
Novo Estado: ((((1 2 1 2 1 2) (1 1 1 1 1 1) (1 1 1 1 0 0) (0 0 0 0 0 0) (0 0 0 0 0 0) (0 0 0 0 0 0)) ((0 0 0 0 0) (0 0 0 0 0) (0 0 0 0 0) (0 0 0 0 0) (0 0 0 0 0) (0 0 0 0 0) (0 0 0 0 0))) (0 0))
====================================================================================== 


====================================================================================== 
Player: 1
Analysed Nodes: 4999
Expanded Nodes: 128601
Alfa Cuts: 53
Beta Cuts: 758
Time: 4070ms 
Novo Estado: ((((1 2 1 2 1 2) (1 1 1 1 1 1) (1 1 1 1 1 0) (0 0 0 0 0 0) (0 0 0 0 0 0) (0 0 0 0 0 0)) ((0 0 0 0 0) (0 0 0 0 0) (0 0 0 0 0) (0 0 0 0 0) (0 0 0 0 0) (0 0 0 0 0) (0 0 0 0 0))) (0 0))
====================================================================================== 


====================================================================================== 
Player: 2
Analysed Nodes: 3951
Expanded Nodes: 139883
Alfa Cuts: 52
Beta Cuts: 616
Time: 4058ms 
Novo Estado: ((((1 2 1 2 1 2) (1 1 1 1 1 1) (1 1 1 1 1 1) (0 0 0 0 0 0) (0 0 0 0 0 0) (0 0 0 0 0 0)) ((0 0 0 0 0) (0 0 0 0 0) (0 0 0 0 0) (0 0 0 0 0) (0 0 0 0 0) (0 0 0 0 0) (0 0 0 0 0))) (0 0))
====================================================================================== 


====================================================================================== 
Player: 1
Analysed Nodes: 4164
Expanded Nodes: 138167
Alfa Cuts: 51
Beta Cuts: 756
Time: 3244ms 
Novo Estado: ((((1 2 1 2 1 2) (1 1 1 1 1 1) (1 1 1 1 1 1) (1 0 0 0 0 0) (0 0 0 0 0 0) (0 0 0 0 0 0)) ((0 0 0 0 0) (0 0 0 0 0) (0 0 0 0 0) (0 0 0 0 0) (0 0 0 0 0) (0 0 0 0 0) (0 0 0 0 0))) (0 0))
====================================================================================== 


====================================================================================== 
Player: 2
Analysed Nodes: 4012
Expanded Nodes: 146624
Alfa Cuts: 50
Beta Cuts: 679
Time: 3410ms 
Novo Estado: ((((1 2 1 2 1 2) (1 1 1 1 1 1) (1 1 1 1 1 1) (1 1 0 0 0 0) (0 0 0 0 0 0) (0 0 0 0 0 0)) ((0 0 0 0 0) (0 0 0 0 0) (0 0 0 0 0) (0 0 0 0 0) (0 0 0 0 0) (0 0 0 0 0) (0 0 0 0 0))) (0 0))
====================================================================================== 


====================================================================================== 
Player: 1
Analysed Nodes: 3997
Expanded Nodes: 138934
Alfa Cuts: 49
Beta Cuts: 697
Time: 3363ms 
Novo Estado: ((((1 2 1 2 1 2) (1 1 1 1 1 1) (1 1 1 1 1 1) (1 1 1 0 0 0) (0 0 0 0 0 0) (0 0 0 0 0 0)) ((0 0 0 0 0) (0 0 0 0 0) (0 0 0 0 0) (0 0 0 0 0) (0 0 0 0 0) (0 0 0 0 0) (0 0 0 0 0))) (0 0))
====================================================================================== 


====================================================================================== 
Player: 2
Analysed Nodes: 3882
Expanded Nodes: 150239
Alfa Cuts: 48
Beta Cuts: 644
Time: 3737ms 
Novo Estado: ((((1 2 1 2 1 2) (1 1 1 1 1 1) (1 1 1 1 1 1) (1 1 1 1 0 0) (0 0 0 0 0 0) (0 0 0 0 0 0)) ((0 0 0 0 0) (0 0 0 0 0) (0 0 0 0 0) (0 0 0 0 0) (0 0 0 0 0) (0 0 0 0 0) (0 0 0 0 0))) (0 0))
====================================================================================== 


====================================================================================== 
Player: 1
Analysed Nodes: 3845
Expanded Nodes: 151479
Alfa Cuts: 47
Beta Cuts: 650
Time: 4058ms 
Novo Estado: ((((1 2 1 2 1 2) (1 1 1 1 1 1) (1 1 1 1 1 1) (1 1 1 1 1 0) (0 0 0 0 0 0) (0 0 0 0 0 0)) ((0 0 0 0 0) (0 0 0 0 0) (0 0 0 0 0) (0 0 0 0 0) (0 0 0 0 0) (0 0 0 0 0) (0 0 0 0 0))) (0 0))
====================================================================================== 


====================================================================================== 
Player: 2
Analysed Nodes: 3219
Expanded Nodes: 146866
Alfa Cuts: 46
Beta Cuts: 575
Time: 4052ms 
Novo Estado: ((((1 2 1 2 1 2) (1 1 1 1 1 1) (1 1 1 1 1 1) (1 1 1 1 1 1) (0 0 0 0 0 0) (0 0 0 0 0 0)) ((0 0 0 0 0) (0 0 0 0 0) (0 0 0 0 0) (0 0 0 0 0) (0 0 0 0 0) (0 0 0 0 0) (0 0 0 0 0))) (0 0))
====================================================================================== 


====================================================================================== 
Player: 1
Analysed Nodes: 3188
Expanded Nodes: 145736
Alfa Cuts: 46
Beta Cuts: 588
Time: 3582ms 
Novo Estado: ((((1 2 1 2 1 2) (1 1 1 1 1 1) (1 1 1 1 1 1) (1 1 1 1 1 1) (1 0 0 0 0 0) (0 0 0 0 0 0)) ((0 0 0 0 0) (0 0 0 0 0) (0 0 0 0 0) (0 0 0 0 0) (0 0 0 0 0) (0 0 0 0 0) (0 0 0 0 0))) (0 0))
====================================================================================== 


====================================================================================== 
Player: 2
Analysed Nodes: 2824
Expanded Nodes: 108708
Alfa Cuts: 44
Beta Cuts: 337
Time: 4320ms 
Novo Estado: ((((1 2 1 2 1 2) (1 1 1 1 1 1) (1 1 1 1 1 1) (1 1 1 1 1 1) (1 1 0 0 0 0) (0 0 0 0 0 0)) ((0 0 0 0 0) (0 0 0 0 0) (0 0 0 0 0) (0 0 0 0 0) (0 0 0 0 0) (0 0 0 0 0) (0 0 0 0 0))) (0 0))
====================================================================================== 


====================================================================================== 
Player: 1
Analysed Nodes: 2884
Expanded Nodes: 107401
Alfa Cuts: 43
Beta Cuts: 374
Time: 4517ms 
Novo Estado: ((((1 2 1 2 1 2) (1 1 1 1 1 1) (1 1 1 1 1 1) (1 1 1 1 1 1) (1 1 1 0 0 0) (0 0 0 0 0 0)) ((0 0 0 0 0) (0 0 0 0 0) (0 0 0 0 0) (0 0 0 0 0) (0 0 0 0 0) (0 0 0 0 0) (0 0 0 0 0))) (0 0))
====================================================================================== 


====================================================================================== 
Player: 2
Analysed Nodes: 2970
Expanded Nodes: 129297
Alfa Cuts: 42
Beta Cuts: 396
Time: 4068ms 
Novo Estado: ((((1 2 1 2 1 2) (1 1 1 1 1 1) (1 1 1 1 1 1) (1 1 1 1 1 1) (1 1 1 1 0 0) (0 0 0 0 0 0)) ((0 0 0 0 0) (0 0 0 0 0) (0 0 0 0 0) (0 0 0 0 0) (0 0 0 0 0) (0 0 0 0 0) (0 0 0 0 0))) (0 0))
====================================================================================== 


====================================================================================== 
Player: 1
Analysed Nodes: 2999
Expanded Nodes: 120741
Alfa Cuts: 41
Beta Cuts: 443
Time: 4192ms 
Novo Estado: ((((1 2 1 2 1 2) (1 1 1 1 1 1) (1 1 1 1 1 1) (1 1 1 1 1 1) (1 1 1 1 1 0) (0 0 0 0 0 0)) ((0 0 0 0 0) (0 0 0 0 0) (0 0 0 0 0) (0 0 0 0 0) (0 0 0 0 0) (0 0 0 0 0) (0 0 0 0 0))) (0 0))
====================================================================================== 


====================================================================================== 
Player: 2
Analysed Nodes: 2214
Expanded Nodes: 130139
Alfa Cuts: 40
Beta Cuts: 351
Time: 4063ms 
Novo Estado: ((((1 2 1 2 1 2) (1 1 1 1 1 1) (1 1 1 1 1 1) (1 1 1 1 1 1) (1 1 1 1 1 1) (0 0 0 0 0 0)) ((0 0 0 0 0) (0 0 0 0 0) (0 0 0 0 0) (0 0 0 0 0) (0 0 0 0 0) (0 0 0 0 0) (0 0 0 0 0))) (0 0))
====================================================================================== 


====================================================================================== 
Player: 1
Analysed Nodes: 2322
Expanded Nodes: 117682
Alfa Cuts: 39
Beta Cuts: 435
Time: 3025ms 
Novo Estado: ((((1 2 1 2 1 2) (1 1 1 1 1 1) (1 1 1 1 1 1) (1 1 1 1 1 1) (1 1 1 1 1 1) (1 0 0 0 0 0)) ((0 0 0 0 0) (0 0 0 0 0) (0 0 0 0 0) (0 0 0 0 0) (0 0 0 0 0) (0 0 0 0 0) (0 0 0 0 0))) (0 0))
====================================================================================== 


====================================================================================== 
Player: 2
Analysed Nodes: 2200
Expanded Nodes: 129576
Alfa Cuts: 38
Beta Cuts: 375
Time: 3356ms 
Novo Estado: ((((1 2 1 2 1 2) (1 1 1 1 1 1) (1 1 1 1 1 1) (1 1 1 1 1 1) (1 1 1 1 1 1) (1 1 0 0 0 0)) ((0 0 0 0 0) (0 0 0 0 0) (0 0 0 0 0) (0 0 0 0 0) (0 0 0 0 0) (0 0 0 0 0) (0 0 0 0 0))) (0 0))
====================================================================================== 


====================================================================================== 
Player: 1
Analysed Nodes: 2179
Expanded Nodes: 113402
Alfa Cuts: 37
Beta Cuts: 387
Time: 3299ms 
Novo Estado: ((((1 2 1 2 1 2) (1 1 1 1 1 1) (1 1 1 1 1 1) (1 1 1 1 1 1) (1 1 1 1 1 1) (1 1 1 0 0 0)) ((0 0 0 0 0) (0 0 0 0 0) (0 0 0 0 0) (0 0 0 0 0) (0 0 0 0 0) (0 0 0 0 0) (0 0 0 0 0))) (0 0))
====================================================================================== 


====================================================================================== 
Player: 2
Analysed Nodes: 2082
Expanded Nodes: 124074
Alfa Cuts: 36
Beta Cuts: 346
Time: 3428ms 
Novo Estado: ((((1 2 1 2 1 2) (1 1 1 1 1 1) (1 1 1 1 1 1) (1 1 1 1 1 1) (1 1 1 1 1 1) (1 1 1 1 0 0)) ((0 0 0 0 0) (0 0 0 0 0) (0 0 0 0 0) (0 0 0 0 0) (0 0 0 0 0) (0 0 0 0 0) (0 0 0 0 0))) (0 0))
====================================================================================== 


====================================================================================== 
Player: 1
Analysed Nodes: 2216
Expanded Nodes: 118149
Alfa Cuts: 35
Beta Cuts: 353
Time: 3409ms 
Novo Estado: ((((1 2 1 2 1 2) (1 1 1 1 1 1) (1 1 1 1 1 1) (1 1 1 1 1 1) (1 1 1 1 1 1) (1 1 1 1 1 0)) ((0 0 0 0 0) (0 0 0 0 0) (0 0 0 0 0) (0 0 0 0 0) (0 0 0 0 0) (0 0 0 0 0) (0 0 0 0 0))) (0 0))
====================================================================================== 


====================================================================================== 
Player: 2
Analysed Nodes: 441
Expanded Nodes: 28337
Alfa Cuts: 0
Beta Cuts: 47
Time: 4309ms 
Novo Estado: ((((1 2 1 2 1 2) (1 1 1 1 1 1) (1 1 1 1 1 1) (1 1 1 1 1 1) (1 1 1 1 1 1) (1 1 1 1 1 1)) ((0 0 0 0 0) (0 0 0 0 0) (0 0 0 0 0) (0 0 0 0 0) (0 0 0 0 0) (0 0 0 0 0) (0 0 0 0 0))) (0 0))
====================================================================================== 


====================================================================================== 
Player: 1
Analysed Nodes: 518
Expanded Nodes: 18826
Alfa Cuts: 0
Beta Cuts: 39
Time: 4171ms 
Novo Estado: ((((1 2 1 2 1 2) (1 1 1 1 1 1) (1 1 1 1 1 1) (1 1 1 1 1 1) (1 1 1 1 1 1) (1 1 1 1 1 1)) ((0 1 0 0 0) (0 0 0 0 0) (0 0 0 0 0) (0 0 0 0 0) (0 0 0 0 0) (0 0 0 0 0) (0 0 0 0 0))) (0 0))
====================================================================================== 


====================================================================================== 
Player: 2
Analysed Nodes: 547
Expanded Nodes: 13640
Alfa Cuts: 0
Beta Cuts: 39
Time: 4249ms 
Novo Estado: ((((1 2 1 2 1 2) (1 1 1 1 1 1) (1 1 1 1 1 1) (1 1 1 1 1 1) (1 1 1 1 1 1) (1 1 1 1 1 1)) ((0 1 2 0 0) (0 1 0 0 0) (0 1 0 0 0) (0 1 0 0 0) (0 1 0 0 0) (0 1 0 0 0) (0 1 0 0 0))) (0 6))
====================================================================================== 


====================================================================================== 
Player: 1
Analysed Nodes: 1494
Expanded Nodes: 24863
Alfa Cuts: 62
Beta Cuts: 44
Time: 4097ms 
Novo Estado: ((((1 2 1 2 1 2) (1 1 1 1 1 1) (1 1 1 1 1 1) (1 1 1 1 1 1) (1 1 1 1 1 1) (1 1 1 1 1 1)) ((0 1 2 1 0) (0 1 1 0 0) (0 1 1 0 0) (0 1 1 0 0) (0 1 1 0 0) (0 1 1 0 0) (0 1 1 0 0))) (6 6))
====================================================================================== 


====================================================================================== 
Player: 2
Analysed Nodes: 962
Expanded Nodes: 23922
Alfa Cuts: 62
Beta Cuts: 265
Time: 4627ms 
Novo Estado: ((((1 2 1 2 1 2) (1 1 1 1 1 1) (1 1 1 1 1 1) (1 1 1 1 1 1) (1 1 1 1 1 1) (1 1 1 1 1 1)) ((0 1 2 1 2) (0 1 1 1 0) (0 1 1 1 0) (0 1 1 1 0) (0 1 1 1 0) (0 1 1 1 0) (0 1 1 1 0))) (6 12))
====================================================================================== 


====================================================================================== 
Player: 1
Analysed Nodes: 154
Expanded Nodes: 5024
Alfa Cuts: 11
Beta Cuts: 61
Time: 1410ms 
Novo Estado: ((((1 2 1 2 1 2) (1 1 1 1 1 1) (1 1 1 1 1 1) (1 1 1 1 1 1) (1 1 1 1 1 1) (1 1 1 1 1 1)) ((0 1 2 1 2) (1 1 1 1 1) (0 1 1 1 1) (0 1 1 1 1) (0 1 1 1 1) (0 1 1 1 1) (0 1 1 1 1))) (12 12))
====================================================================================== 


====================================================================================== 
Player: 2
Analysed Nodes: 21
Expanded Nodes: 93
Alfa Cuts: 0
Beta Cuts: 11
Time: 3ms 
Novo Estado: ((((1 2 1 2 1 2) (1 1 1 1 1 1) (1 1 1 1 1 1) (1 1 1 1 1 1) (1 1 1 1 1 1) (1 1 1 1 1 1)) ((2 1 2 1 2) (1 1 1 1 1) (1 1 1 1 1) (1 1 1 1 1) (1 1 1 1 1) (1 1 1 1 1) (1 1 1 1 1))) (12 18))
====================================================================================== 


