====================================================================================== 
Player: 1
Analysed Nodes: 7278
Expanded Nodes: 100274
Alfa Cuts: 69
Beta Cuts: 1294
Time: 346ms 
Novo Estado: ((((1 0 0 0 0 0) (0 0 0 0 0 0) (0 0 0 0 0 0) (0 0 0 0 0 0) (0 0 0 0 0 0) (0 0 0 0 0 0)) ((0 0 0 0 0) (0 0 0 0 0) (0 0 0 0 0) (0 0 0 0 0) (0 0 0 0 0) (0 0 0 0 0) (0 0 0 0 0))) (0 0))
====================================================================================== 


====================================================================================== 
Player: 2
Analysed Nodes: 7037
Expanded Nodes: 94104
Alfa Cuts: 68
Beta Cuts: 1225
Time: 337ms 
Novo Estado: ((((1 2 0 0 0 0) (0 0 0 0 0 0) (0 0 0 0 0 0) (0 0 0 0 0 0) (0 0 0 0 0 0) (0 0 0 0 0 0)) ((0 0 0 0 0) (0 0 0 0 0) (0 0 0 0 0) (0 0 0 0 0) (0 0 0 0 0) (0 0 0 0 0) (0 0 0 0 0))) (0 0))
====================================================================================== 


====================================================================================== 
Player: 1
Analysed Nodes: 6866
Expanded Nodes: 92501
Alfa Cuts: 67
Beta Cuts: 1223
Time: 322ms 
Novo Estado: ((((1 2 1 0 0 0) (0 0 0 0 0 0) (0 0 0 0 0 0) (0 0 0 0 0 0) (0 0 0 0 0 0) (0 0 0 0 0 0)) ((0 0 0 0 0) (0 0 0 0 0) (0 0 0 0 0) (0 0 0 0 0) (0 0 0 0 0) (0 0 0 0 0) (0 0 0 0 0))) (0 0))
====================================================================================== 


====================================================================================== 
Player: 2
Analysed Nodes: 6632
Expanded Nodes: 86609
Alfa Cuts: 66
Beta Cuts: 1155
Time: 310ms 
Novo Estado: ((((1 2 1 2 0 0) (0 0 0 0 0 0) (0 0 0 0 0 0) (0 0 0 0 0 0) (0 0 0 0 0 0) (0 0 0 0 0 0)) ((0 0 0 0 0) (0 0 0 0 0) (0 0 0 0 0) (0 0 0 0 0) (0 0 0 0 0) (0 0 0 0 0) (0 0 0 0 0))) (0 0))
====================================================================================== 


====================================================================================== 
Player: 1
Analysed Nodes: 6466
Expanded Nodes: 85148
Alfa Cuts: 65
Beta Cuts: 1154
Time: 302ms 
Novo Estado: ((((1 2 1 2 1 0) (0 0 0 0 0 0) (0 0 0 0 0 0) (0 0 0 0 0 0) (0 0 0 0 0 0) (0 0 0 0 0 0)) ((0 0 0 0 0) (0 0 0 0 0) (0 0 0 0 0) (0 0 0 0 0) (0 0 0 0 0) (0 0 0 0 0) (0 0 0 0 0))) (0 0))
====================================================================================== 


====================================================================================== 
Player: 2
Analysed Nodes: 6363
Expanded Nodes: 79837
Alfa Cuts: 64
Beta Cuts: 1089
Time: 284ms 
Novo Estado: ((((1 2 1 2 1 2) (0 0 0 0 0 0) (0 0 0 0 0 0) (0 0 0 0 0 0) (0 0 0 0 0 0) (0 0 0 0 0 0)) ((0 0 0 0 0) (0 0 0 0 0) (0 0 0 0 0) (0 0 0 0 0) (0 0 0 0 0) (0 0 0 0 0) (0 0 0 0 0))) (0 0))
====================================================================================== 


====================================================================================== 
Player: 1
Analysed Nodes: 6438
Expanded Nodes: 86870
Alfa Cuts: 63
Beta Cuts: 1150
Time: 312ms 
Novo Estado: ((((1 2 1 2 1 2) (1 0 0 0 0 0) (0 0 0 0 0 0) (0 0 0 0 0 0) (0 0 0 0 0 0) (0 0 0 0 0 0)) ((0 0 0 0 0) (0 0 0 0 0) (0 0 0 0 0) (0 0 0 0 0) (0 0 0 0 0) (0 0 0 0 0) (0 0 0 0 0))) (0 0))
====================================================================================== 


====================================================================================== 
Player: 2
Analysed Nodes: 6256
Expanded Nodes: 84139
Alfa Cuts: 62
Beta Cuts: 1052
Time: 332ms 
Novo Estado: ((((1 2 1 2 1 2) (1 1 0 0 0 0) (0 0 0 0 0 0) (0 0 0 0 0 0) (0 0 0 0 0 0) (0 0 0 0 0 0)) ((0 0 0 0 0) (0 0 0 0 0) (0 0 0 0 0) (0 0 0 0 0) (0 0 0 0 0) (0 0 0 0 0) (0 0 0 0 0))) (0 0))
====================================================================================== 


====================================================================================== 
Player: 1
Analysed Nodes: 6247
Expanded Nodes: 93688
Alfa Cuts: 61
Beta Cuts: 1076
Time: 450ms 
Novo Estado: ((((1 2 1 2 1 2) (1 1 1 0 0 0) (0 0 0 0 0 0) (0 0 0 0 0 0) (0 0 0 0 0 0) (0 0 0 0 0 0)) ((0 0 0 0 0) (0 0 0 0 0) (0 0 0 0 0) (0 0 0 0 0) (0 0 0 0 0) (0 0 0 0 0) (0 0 0 0 0))) (0 0))
====================================================================================== 


====================================================================================== 
Player: 2
Analysed Nodes: 6114
Expanded Nodes: 100333
Alfa Cuts: 60
Beta Cuts: 1014
Time: 656ms 
Novo Estado: ((((1 2 1 2 1 2) (1 1 1 1 0 0) (0 0 0 0 0 0) (0 0 0 0 0 0) (0 0 0 0 0 0) (0 0 0 0 0 0)) ((0 0 0 0 0) (0 0 0 0 0) (0 0 0 0 0) (0 0 0 0 0) (0 0 0 0 0) (0 0 0 0 0) (0 0 0 0 0))) (0 0))
====================================================================================== 


====================================================================================== 
Player: 1
Analysed Nodes: 6083
Expanded Nodes: 115807
Alfa Cuts: 59
Beta Cuts: 1031
Time: 1129ms 
Novo Estado: ((((1 2 1 2 1 2) (1 1 1 1 1 0) (0 0 0 0 0 0) (0 0 0 0 0 0) (0 0 0 0 0 0) (0 0 0 0 0 0)) ((0 0 0 0 0) (0 0 0 0 0) (0 0 0 0 0) (0 0 0 0 0) (0 0 0 0 0) (0 0 0 0 0) (0 0 0 0 0))) (0 0))
====================================================================================== 


====================================================================================== 
Player: 2
Analysed Nodes: 5340
Expanded Nodes: 126610
Alfa Cuts: 58
Beta Cuts: 969
Time: 1909ms 
Novo Estado: ((((1 2 1 2 1 2) (1 1 1 1 1 1) (0 0 0 0 0 0) (0 0 0 0 0 0) (0 0 0 0 0 0) (0 0 0 0 0 0)) ((0 0 0 0 0) (0 0 0 0 0) (0 0 0 0 0) (0 0 0 0 0) (0 0 0 0 0) (0 0 0 0 0) (0 0 0 0 0))) (0 0))
====================================================================================== 


====================================================================================== 
Player: 1
Analysed Nodes: 5246
Expanded Nodes: 127235
Alfa Cuts: 58
Beta Cuts: 943
Time: 2144ms 
Novo Estado: ((((1 2 1 2 1 2) (1 1 1 1 1 1) (1 0 0 0 0 0) (0 0 0 0 0 0) (0 0 0 0 0 0) (0 0 0 0 0 0)) ((0 0 0 0 0) (0 0 0 0 0) (0 0 0 0 0) (0 0 0 0 0) (0 0 0 0 0) (0 0 0 0 0) (0 0 0 0 0))) (0 0))
====================================================================================== 


====================================================================================== 
Player: 2
Analysed Nodes: 5459
Expanded Nodes: 156503
Alfa Cuts: 56
Beta Cuts: 995
Time: 4104ms 
Novo Estado: ((((1 2 1 2 1 2) (1 1 1 1 1 1) (1 1 0 0 0 0) (0 0 0 0 0 0) (0 0 0 0 0 0) (0 0 0 0 0 0)) ((0 0 0 0 0) (0 0 0 0 0) (0 0 0 0 0) (0 0 0 0 0) (0 0 0 0 0) (0 0 0 0 0) (0 0 0 0 0))) (0 0))
====================================================================================== 


====================================================================================== 
Player: 1
Analysed Nodes: 4798
Expanded Nodes: 110401
Alfa Cuts: 55
Beta Cuts: 662
Time: 5400ms 
Novo Estado: ((((1 2 1 2 1 2) (1 1 1 1 1 1) (1 1 1 0 0 0) (0 0 0 0 0 0) (0 0 0 0 0 0) (0 0 0 0 0 0)) ((0 0 0 0 0) (0 0 0 0 0) (0 0 0 0 0) (0 0 0 0 0) (0 0 0 0 0) (0 0 0 0 0) (0 0 0 0 0))) (0 0))
====================================================================================== 


====================================================================================== 
Player: 2
Analysed Nodes: 4933
Expanded Nodes: 142989
Alfa Cuts: 54
Beta Cuts: 729
Time: 4626ms 
Novo Estado: ((((1 2 1 2 1 2) (1 1 1 1 1 1) (1 1 1 1 0 0) (0 0 0 0 0 0) (0 0 0 0 0 0) (0 0 0 0 0 0)) ((0 0 0 0 0) (0 0 0 0 0) (0 0 0 0 0) (0 0 0 0 0) (0 0 0 0 0) (0 0 0 0 0) (0 0 0 0 0))) (0 0))
====================================================================================== 


====================================================================================== 
Player: 1
Analysed Nodes: 4999
Expanded Nodes: 131963
Alfa Cuts: 53
Beta Cuts: 763
Time: 5443ms 
Novo Estado: ((((1 2 1 2 1 2) (1 1 1 1 1 1) (1 1 1 1 1 0) (0 0 0 0 0 0) (0 0 0 0 0 0) (0 0 0 0 0 0)) ((0 0 0 0 0) (0 0 0 0 0) (0 0 0 0 0) (0 0 0 0 0) (0 0 0 0 0) (0 0 0 0 0) (0 0 0 0 0))) (0 0))
====================================================================================== 


====================================================================================== 
Player: 2
Analysed Nodes: 4098
Expanded Nodes: 156125
Alfa Cuts: 52
Beta Cuts: 696
Time: 4507ms 
Novo Estado: ((((1 2 1 2 1 2) (1 1 1 1 1 1) (1 1 1 1 1 1) (0 0 0 0 0 0) (0 0 0 0 0 0) (0 0 0 0 0 0)) ((0 0 0 0 0) (0 0 0 0 0) (0 0 0 0 0) (0 0 0 0 0) (0 0 0 0 0) (0 0 0 0 0) (0 0 0 0 0))) (0 0))
====================================================================================== 


====================================================================================== 
Player: 1
Analysed Nodes: 4164
Expanded Nodes: 138167
Alfa Cuts: 51
Beta Cuts: 756
Time: 3229ms 
Novo Estado: ((((1 2 1 2 1 2) (1 1 1 1 1 1) (1 1 1 1 1 1) (1 0 0 0 0 0) (0 0 0 0 0 0) (0 0 0 0 0 0)) ((0 0 0 0 0) (0 0 0 0 0) (0 0 0 0 0) (0 0 0 0 0) (0 0 0 0 0) (0 0 0 0 0) (0 0 0 0 0))) (0 0))
====================================================================================== 


====================================================================================== 
Player: 2
Analysed Nodes: 4012
Expanded Nodes: 146722
Alfa Cuts: 50
Beta Cuts: 681
Time: 3423ms 
Novo Estado: ((((1 2 1 2 1 2) (1 1 1 1 1 1) (1 1 1 1 1 1) (1 1 0 0 0 0) (0 0 0 0 0 0) (0 0 0 0 0 0)) ((0 0 0 0 0) (0 0 0 0 0) (0 0 0 0 0) (0 0 0 0 0) (0 0 0 0 0) (0 0 0 0 0) (0 0 0 0 0))) (0 0))
====================================================================================== 


====================================================================================== 
Player: 1
Analysed Nodes: 3997
Expanded Nodes: 138838
Alfa Cuts: 49
Beta Cuts: 695
Time: 3381ms 
Novo Estado: ((((1 2 1 2 1 2) (1 1 1 1 1 1) (1 1 1 1 1 1) (1 1 1 0 0 0) (0 0 0 0 0 0) (0 0 0 0 0 0)) ((0 0 0 0 0) (0 0 0 0 0) (0 0 0 0 0) (0 0 0 0 0) (0 0 0 0 0) (0 0 0 0 0) (0 0 0 0 0))) (0 0))
====================================================================================== 


====================================================================================== 
Player: 2
Analysed Nodes: 3882
Expanded Nodes: 150333
Alfa Cuts: 48
Beta Cuts: 646
Time: 3738ms 
Novo Estado: ((((1 2 1 2 1 2) (1 1 1 1 1 1) (1 1 1 1 1 1) (1 1 1 1 0 0) (0 0 0 0 0 0) (0 0 0 0 0 0)) ((0 0 0 0 0) (0 0 0 0 0) (0 0 0 0 0) (0 0 0 0 0) (0 0 0 0 0) (0 0 0 0 0) (0 0 0 0 0))) (0 0))
====================================================================================== 


====================================================================================== 
Player: 1
Analysed Nodes: 3845
Expanded Nodes: 152714
Alfa Cuts: 47
Beta Cuts: 657
Time: 3993ms 
Novo Estado: ((((1 2 1 2 1 2) (1 1 1 1 1 1) (1 1 1 1 1 1) (1 1 1 1 1 0) (0 0 0 0 0 0) (0 0 0 0 0 0)) ((0 0 0 0 0) (0 0 0 0 0) (0 0 0 0 0) (0 0 0 0 0) (0 0 0 0 0) (0 0 0 0 0) (0 0 0 0 0))) (0 0))
====================================================================================== 


====================================================================================== 
Player: 2
Analysed Nodes: 3264
Expanded Nodes: 154901
Alfa Cuts: 46
Beta Cuts: 608
Time: 4212ms 
Novo Estado: ((((1 2 1 2 1 2) (1 1 1 1 1 1) (1 1 1 1 1 1) (1 1 1 1 1 1) (0 0 0 0 0 0) (0 0 0 0 0 0)) ((0 0 0 0 0) (0 0 0 0 0) (0 0 0 0 0) (0 0 0 0 0) (0 0 0 0 0) (0 0 0 0 0) (0 0 0 0 0))) (0 0))
====================================================================================== 


====================================================================================== 
Player: 1
Analysed Nodes: 3188
Expanded Nodes: 145648
Alfa Cuts: 46
Beta Cuts: 586
Time: 3589ms 
Novo Estado: ((((1 2 1 2 1 2) (1 1 1 1 1 1) (1 1 1 1 1 1) (1 1 1 1 1 1) (1 0 0 0 0 0) (0 0 0 0 0 0)) ((0 0 0 0 0) (0 0 0 0 0) (0 0 0 0 0) (0 0 0 0 0) (0 0 0 0 0) (0 0 0 0 0) (0 0 0 0 0))) (0 0))
====================================================================================== 


====================================================================================== 
Player: 2
Analysed Nodes: 2824
Expanded Nodes: 110643
Alfa Cuts: 44
Beta Cuts: 340
Time: 4797ms 
Novo Estado: ((((1 2 1 2 1 2) (1 1 1 1 1 1) (1 1 1 1 1 1) (1 1 1 1 1 1) (1 1 0 0 0 0) (0 0 0 0 0 0)) ((0 0 0 0 0) (0 0 0 0 0) (0 0 0 0 0) (0 0 0 0 0) (0 0 0 0 0) (0 0 0 0 0) (0 0 0 0 0))) (0 0))
====================================================================================== 


====================================================================================== 
Player: 1
Analysed Nodes: 2884
Expanded Nodes: 108989
Alfa Cuts: 43
Beta Cuts: 373
Time: 5041ms 
Novo Estado: ((((1 2 1 2 1 2) (1 1 1 1 1 1) (1 1 1 1 1 1) (1 1 1 1 1 1) (1 1 1 0 0 0) (0 0 0 0 0 0)) ((0 0 0 0 0) (0 0 0 0 0) (0 0 0 0 0) (0 0 0 0 0) (0 0 0 0 0) (0 0 0 0 0) (0 0 0 0 0))) (0 0))
====================================================================================== 


====================================================================================== 
Player: 2
Analysed Nodes: 2970
Expanded Nodes: 133812
Alfa Cuts: 42
Beta Cuts: 399
Time: 4517ms 
Novo Estado: ((((1 2 1 2 1 2) (1 1 1 1 1 1) (1 1 1 1 1 1) (1 1 1 1 1 1) (1 1 1 1 0 0) (0 0 0 0 0 0)) ((0 0 0 0 0) (0 0 0 0 0) (0 0 0 0 0) (0 0 0 0 0) (0 0 0 0 0) (0 0 0 0 0) (0 0 0 0 0))) (0 0))
====================================================================================== 


====================================================================================== 
Player: 1
Analysed Nodes: 2999
Expanded Nodes: 122301
Alfa Cuts: 41
Beta Cuts: 446
Time: 4587ms 
Novo Estado: ((((1 2 1 2 1 2) (1 1 1 1 1 1) (1 1 1 1 1 1) (1 1 1 1 1 1) (1 1 1 1 1 0) (0 0 0 0 0 0)) ((0 0 0 0 0) (0 0 0 0 0) (0 0 0 0 0) (0 0 0 0 0) (0 0 0 0 0) (0 0 0 0 0) (0 0 0 0 0))) (0 0))
====================================================================================== 


====================================================================================== 
Player: 2
Analysed Nodes: 2280
Expanded Nodes: 142441
Alfa Cuts: 40
Beta Cuts: 385
Time: 4507ms 
Novo Estado: ((((1 2 1 2 1 2) (1 1 1 1 1 1) (1 1 1 1 1 1) (1 1 1 1 1 1) (1 1 1 1 1 1) (0 0 0 0 0 0)) ((0 0 0 0 0) (0 0 0 0 0) (0 0 0 0 0) (0 0 0 0 0) (0 0 0 0 0) (0 0 0 0 0) (0 0 0 0 0))) (0 0))
====================================================================================== 


====================================================================================== 
Player: 1
Analysed Nodes: 2322
Expanded Nodes: 117682
Alfa Cuts: 39
Beta Cuts: 435
Time: 3060ms 
Novo Estado: ((((1 2 1 2 1 2) (1 1 1 1 1 1) (1 1 1 1 1 1) (1 1 1 1 1 1) (1 1 1 1 1 1) (1 0 0 0 0 0)) ((0 0 0 0 0) (0 0 0 0 0) (0 0 0 0 0) (0 0 0 0 0) (0 0 0 0 0) (0 0 0 0 0) (0 0 0 0 0))) (0 0))
====================================================================================== 


====================================================================================== 
Player: 2
Analysed Nodes: 2200
Expanded Nodes: 129576
Alfa Cuts: 38
Beta Cuts: 375
Time: 3308ms 
Novo Estado: ((((1 2 1 2 1 2) (1 1 1 1 1 1) (1 1 1 1 1 1) (1 1 1 1 1 1) (1 1 1 1 1 1) (1 1 0 0 0 0)) ((0 0 0 0 0) (0 0 0 0 0) (0 0 0 0 0) (0 0 0 0 0) (0 0 0 0 0) (0 0 0 0 0) (0 0 0 0 0))) (0 0))
====================================================================================== 


====================================================================================== 
Player: 1
Analysed Nodes: 2179
Expanded Nodes: 113402
Alfa Cuts: 37
Beta Cuts: 387
Time: 3241ms 
Novo Estado: ((((1 2 1 2 1 2) (1 1 1 1 1 1) (1 1 1 1 1 1) (1 1 1 1 1 1) (1 1 1 1 1 1) (1 1 1 0 0 0)) ((0 0 0 0 0) (0 0 0 0 0) (0 0 0 0 0) (0 0 0 0 0) (0 0 0 0 0) (0 0 0 0 0) (0 0 0 0 0))) (0 0))
====================================================================================== 


====================================================================================== 
Player: 2
Analysed Nodes: 2082
Expanded Nodes: 124074
Alfa Cuts: 36
Beta Cuts: 346
Time: 3419ms 
Novo Estado: ((((1 2 1 2 1 2) (1 1 1 1 1 1) (1 1 1 1 1 1) (1 1 1 1 1 1) (1 1 1 1 1 1) (1 1 1 1 0 0)) ((0 0 0 0 0) (0 0 0 0 0) (0 0 0 0 0) (0 0 0 0 0) (0 0 0 0 0) (0 0 0 0 0) (0 0 0 0 0))) (0 0))
====================================================================================== 


====================================================================================== 
Player: 1
Analysed Nodes: 2216
Expanded Nodes: 118149
Alfa Cuts: 35
Beta Cuts: 353
Time: 3424ms 
Novo Estado: ((((1 2 1 2 1 2) (1 1 1 1 1 1) (1 1 1 1 1 1) (1 1 1 1 1 1) (1 1 1 1 1 1) (1 1 1 1 1 0)) ((0 0 0 0 0) (0 0 0 0 0) (0 0 0 0 0) (0 0 0 0 0) (0 0 0 0 0) (0 0 0 0 0) (0 0 0 0 0))) (0 0))
====================================================================================== 


====================================================================================== 
Player: 2
Analysed Nodes: 441
Expanded Nodes: 29734
Alfa Cuts: 0
Beta Cuts: 48
Time: 5150ms 
Novo Estado: ((((1 2 1 2 1 2) (1 1 1 1 1 1) (1 1 1 1 1 1) (1 1 1 1 1 1) (1 1 1 1 1 1) (1 1 1 1 1 1)) ((0 0 0 0 0) (0 0 0 0 0) (0 0 0 0 0) (0 0 0 0 0) (0 0 0 0 0) (0 0 0 0 0) (0 0 0 0 0))) (0 0))
====================================================================================== 


====================================================================================== 
Player: 1
Analysed Nodes: 518
Expanded Nodes: 20402
Alfa Cuts: 0
Beta Cuts: 41
Time: 4566ms 
Novo Estado: ((((1 2 1 2 1 2) (1 1 1 1 1 1) (1 1 1 1 1 1) (1 1 1 1 1 1) (1 1 1 1 1 1) (1 1 1 1 1 1)) ((0 1 0 0 0) (0 0 0 0 0) (0 0 0 0 0) (0 0 0 0 0) (0 0 0 0 0) (0 0 0 0 0) (0 0 0 0 0))) (0 0))
====================================================================================== 


====================================================================================== 
Player: 2
Analysed Nodes: 547
Expanded Nodes: 14558
Alfa Cuts: 0
Beta Cuts: 40
Time: 5542ms 
Novo Estado: ((((1 2 1 2 1 2) (1 1 1 1 1 1) (1 1 1 1 1 1) (1 1 1 1 1 1) (1 1 1 1 1 1) (1 1 1 1 1 1)) ((0 1 2 0 0) (0 1 0 0 0) (0 1 0 0 0) (0 1 0 0 0) (0 1 0 0 0) (0 1 0 0 0) (0 1 0 0 0))) (0 6))
====================================================================================== 


====================================================================================== 
Player: 1
Analysed Nodes: 1509
Expanded Nodes: 25609
Alfa Cuts: 63
Beta Cuts: 44
Time: 4683ms 
Novo Estado: ((((1 2 1 2 1 2) (1 1 1 1 1 1) (1 1 1 1 1 1) (1 1 1 1 1 1) (1 1 1 1 1 1) (1 1 1 1 1 1)) ((0 1 2 1 0) (0 1 1 0 0) (0 1 1 0 0) (0 1 1 0 0) (0 1 1 0 0) (0 1 1 0 0) (0 1 1 0 0))) (6 6))
====================================================================================== 


====================================================================================== 
Player: 2
Analysed Nodes: 962
Expanded Nodes: 23919
Alfa Cuts: 62
Beta Cuts: 264
Time: 4673ms 
Novo Estado: ((((1 2 1 2 1 2) (1 1 1 1 1 1) (1 1 1 1 1 1) (1 1 1 1 1 1) (1 1 1 1 1 1) (1 1 1 1 1 1)) ((0 1 2 1 2) (0 1 1 1 0) (0 1 1 1 0) (0 1 1 1 0) (0 1 1 1 0) (0 1 1 1 0) (0 1 1 1 0))) (6 12))
====================================================================================== 


====================================================================================== 
Player: 1
Analysed Nodes: 154
Expanded Nodes: 5024
Alfa Cuts: 11
Beta Cuts: 61
Time: 1447ms 
Novo Estado: ((((1 2 1 2 1 2) (1 1 1 1 1 1) (1 1 1 1 1 1) (1 1 1 1 1 1) (1 1 1 1 1 1) (1 1 1 1 1 1)) ((0 1 2 1 2) (1 1 1 1 1) (0 1 1 1 1) (0 1 1 1 1) (0 1 1 1 1) (0 1 1 1 1) (0 1 1 1 1))) (12 12))
====================================================================================== 


====================================================================================== 
Player: 2
Analysed Nodes: 21
Expanded Nodes: 93
Alfa Cuts: 0
Beta Cuts: 11
Time: 2ms 
Novo Estado: ((((1 2 1 2 1 2) (1 1 1 1 1 1) (1 1 1 1 1 1) (1 1 1 1 1 1) (1 1 1 1 1 1) (1 1 1 1 1 1)) ((2 1 2 1 2) (1 1 1 1 1) (1 1 1 1 1) (1 1 1 1 1) (1 1 1 1 1) (1 1 1 1 1) (1 1 1 1 1))) (12 18))
====================================================================================== 


