======================================================================================
Representacao do nivel escolhido: (((0 0 0) (0 0 1) (0 1 1) (0 0 1)) ((0 0 0) (0 1 0) (0 0 1) (0 1 1))) 
Caixas a fechar do nivel escolhido: 3 
Algoritmo utilizado: BFS 
Tempo de execucao: 0.0s 
No solucao ((((0 0 0) (0 1 1) (0 1 1) (0 0 1)) ((0 0 0) (0 1 0) (0 1 1) (0 1 1))) 2 0 ((((0 0 0) (0 0 1) (0 1 1) (0 0 1)) ((0 0 0) (0 1 0) (0 1 1) (0 1 1))) 1 0 ((((0 0 0) (0 0 1) (0 1 1) (0 0 1)) ((0 0 0) (0 1 0) (0 0 1) (0 1 1))) 0 2 NIL))) 
Numero de nos gerados: 46 
Numero de nos expandidos: 3 
Profundidade da solucao: 2 
Penetrancia: 0.04347826 
Fator Ramificacao Media: 6.3010926 
======================================================================================


======================================================================================
Representacao do nivel escolhido: (((0 0 0) (0 0 1) (0 1 1) (0 0 1)) ((0 0 0) (0 1 0) (0 0 1) (0 1 1))) 
Caixas a fechar do nivel escolhido: 3 
Algoritmo utilizado: DFS 
Profundidade limite: 10 
Tempo de execucao: 0.0s 
No solucao ((((0 0 0) (0 1 1) (0 1 1) (0 0 1)) ((0 0 0) (0 1 0) (0 1 1) (1 1 1))) 3 0 ((((0 0 0) (0 0 1) (0 1 1) (0 0 1)) ((0 0 0) (0 1 0) (0 1 1) (1 1 1))) 2 0 ((((0 0 0) (0 0 1) (0 1 1) (0 0 1)) ((0 0 0) (0 1 0) (0 0 1) (1 1 1))) 1 0 ((((0 0 0) (0 0 1) (0 1 1) (0 0 1)) ((0 0 0) (0 1 0) (0 0 1) (0 1 1))) 0 2 NIL)))) 
Numero de nos gerados: 45 
Numero de nos expandidos: 3 
Profundidade da solucao: 3 
Penetrancia: 0.06666667 
Fator Ramificacao Media: 3.1675992 
======================================================================================


======================================================================================
Representacao do nivel escolhido: (((0 0 0) (0 0 1) (0 1 1) (0 0 1)) ((0 0 0) (0 1 0) (0 0 1) (0 1 1))) 
Caixas a fechar do nivel escolhido: 3 
Algoritmo utilizado: ASTAR 
Heuristica utilizada: CALCULAR-HEURISTICA-DADA 
Tempo de execucao: 0.0s 
No solucao ((((0 0 0) (0 1 1) (0 1 1) (0 0 1)) ((0 0 0) (0 1 0) (0 1 1) (0 1 1))) 2 0 ((((0 0 0) (0 0 1) (0 1 1) (0 0 1)) ((0 0 0) (0 1 0) (0 1 1) (0 1 1))) 1 1 ((((0 0 0) (0 0 1) (0 1 1) (0 0 1)) ((0 0 0) (0 1 0) (0 0 1) (0 1 1))) 0 2 NIL))) 
Numero de nos gerados: 30 
Numero de nos expandidos: 2 
Profundidade da solucao: 2 
Penetrancia: 0.06666667 
Fator Ramificacao Media: 4.9999113 
======================================================================================


======================================================================================
Representacao do nivel escolhido: (((0 0 1 0) (1 1 1 1) (0 0 1 1) (0 0 1 1) (0 0 1 1)) ((0 0 1 1) (0 0 1 1) (1 1 1 1) (1 0 1 1) (0 1 1 1))) 
Caixas a fechar do nivel escolhido: 7 
Algoritmo utilizado: BFS 
Tempo de execucao: 0.0s 
No solucao ((((0 0 1 0) (1 1 1 1) (0 0 1 1) (0 0 1 1) (0 0 1 1)) ((0 0 1 1) (0 0 1 1) (1 1 1 1) (1 1 1 1) (0 1 1 1))) 1 0 ((((0 0 1 0) (1 1 1 1) (0 0 1 1) (0 0 1 1) (0 0 1 1)) ((0 0 1 1) (0 0 1 1) (1 1 1 1) (1 0 1 1) (0 1 1 1))) 0 2 NIL)) 
Numero de nos gerados: 15 
Numero de nos expandidos: 1 
Profundidade da solucao: 1 
Penetrancia: 0.06666667 
Fator Ramificacao Media: 14.999912 
======================================================================================


======================================================================================
Representacao do nivel escolhido: (((0 0 1 0) (1 1 1 1) (0 0 1 1) (0 0 1 1) (0 0 1 1)) ((0 0 1 1) (0 0 1 1) (1 1 1 1) (1 0 1 1) (0 1 1 1))) 
Caixas a fechar do nivel escolhido: 7 
Algoritmo utilizado: DFS 
Profundidade limite: 10 
Tempo de execucao: 0.0s 
No solucao ((((0 0 1 0) (1 1 1 1) (0 0 1 1) (0 0 1 1) (0 0 1 1)) ((0 0 1 1) (0 0 1 1) (1 1 1 1) (1 1 1 1) (0 1 1 1))) 1 0 ((((0 0 1 0) (1 1 1 1) (0 0 1 1) (0 0 1 1) (0 0 1 1)) ((0 0 1 1) (0 0 1 1) (1 1 1 1) (1 0 1 1) (0 1 1 1))) 0 2 NIL)) 
Numero de nos gerados: 15 
Numero de nos expandidos: 1 
Profundidade da solucao: 1 
Penetrancia: 0.06666667 
Fator Ramificacao Media: 14.999912 
======================================================================================


======================================================================================
Representacao do nivel escolhido: (((0 0 1 0) (1 1 1 1) (0 0 1 1) (0 0 1 1) (0 0 1 1)) ((0 0 1 1) (0 0 1 1) (1 1 1 1) (1 0 1 1) (0 1 1 1))) 
Caixas a fechar do nivel escolhido: 7 
Algoritmo utilizado: ASTAR 
Heuristica utilizada: CALCULAR-HEURISTICA-DADA 
Tempo de execucao: 0.0s 
No solucao ((((0 0 1 0) (1 1 1 1) (0 0 1 1) (0 0 1 1) (0 0 1 1)) ((0 0 1 1) (0 0 1 1) (1 1 1 1) (1 1 1 1) (0 1 1 1))) 1 0 ((((0 0 1 0) (1 1 1 1) (0 0 1 1) (0 0 1 1) (0 0 1 1)) ((0 0 1 1) (0 0 1 1) (1 1 1 1) (1 0 1 1) (0 1 1 1))) 0 2 NIL)) 
Numero de nos gerados: 14 
Numero de nos expandidos: 1 
Profundidade da solucao: 1 
Penetrancia: 0.071428575 
Fator Ramificacao Media: 13.999823 
======================================================================================


======================================================================================
Representacao do nivel escolhido: (((0 0 1 0) (1 0 1 1) (0 0 1 1) (0 0 1 1) (0 0 1 1)) ((0 0 1 1) (0 0 1 1) (0 0 1 1) (1 0 1 1) (0 1 1 1))) 
Caixas a fechar do nivel escolhido: 10 
Algoritmo utilizado: DFS 
Profundidade limite: 20 
Tempo de execucao: 0.031s 
No solucao ((((0 0 1 0) (1 0 1 1) (0 1 1 1) (1 1 1 1) (1 1 1 1)) ((1 1 1 1) (1 1 1 1) (1 1 1 1) (1 1 1 1) (1 1 1 1))) 13 0 ((((0 0 1 0) (1 0 1 1) (0 0 1 1) (1 1 1 1) (1 1 1 1)) ((1 1 1 1) (1 1 1 1) (1 1 1 1) (1 1 1 1) (1 1 1 1))) 12 0 ((((0 0 1 0) (1 0 1 1) (0 0 1 1) (0 1 1 1) (1 1 1 1)) ((1 1 1 1) (1 1 1 1) (1 1 1 1) (1 1 1 1) (1 1 1 1))) 11 0 ((((0 0 1 0) (1 0 1 1) (0 0 1 1) (0 0 1 1) (1 1 1 1)) ((1 1 1 1) (1 1 1 1) (1 1 1 1) (1 1 1 1) (1 1 1 1))) 10 0 ((((0 0 1 0) (1 0 1 1) (0 0 1 1) (0 0 1 1) (0 1 1 1)) ((1 1 1 1) (1 1 1 1) (1 1 1 1) (1 1 1 1) (1 1 1 1))) 9 0 ((((0 0 1 0) (1 0 1 1) (0 0 1 1) (0 0 1 1) (0 0 1 1)) ((1 1 1 1) (1 1 1 1) (1 1 1 1) (1 1 1 1) (1 1 1 1))) 8 0 ((((0 0 1 0) (1 0 1 1) (0 0 1 1) (0 0 1 1) (0 0 1 1)) ((0 1 1 1) (1 1 1 1) (1 1 1 1) (1 1 1 1) (1 1 1 1))) 7 0 ((((0 0 1 0) (1 0 1 1) (0 0 1 1) (0 0 1 1) (0 0 1 1)) ((0 0 1 1) (1 1 1 1) (1 1 1 1) (1 1 1 1) (1 1 1 1))) 6 0 ((((0 0 1 0) (1 0 1 1) (0 0 1 1) (0 0 1 1) (0 0 1 1)) ((0 0 1 1) (0 1 1 1) (1 1 1 1) (1 1 1 1) (1 1 1 1))) 5 0 ((((0 0 1 0) (1 0 1 1) (0 0 1 1) (0 0 1 1) (0 0 1 1)) ((0 0 1 1) (0 0 1 1) (1 1 1 1) (1 1 1 1) (1 1 1 1))) 4 0 ((((0 0 1 0) (1 0 1 1) (0 0 1 1) (0 0 1 1) (0 0 1 1)) ((0 0 1 1) (0 0 1 1) (0 1 1 1) (1 1 1 1) (1 1 1 1))) 3 0 ((((0 0 1 0) (1 0 1 1) (0 0 1 1) (0 0 1 1) (0 0 1 1)) ((0 0 1 1) (0 0 1 1) (0 0 1 1) (1 1 1 1) (1 1 1 1))) 2 0 ((((0 0 1 0) (1 0 1 1) (0 0 1 1) (0 0 1 1) (0 0 1 1)) ((0 0 1 1) (0 0 1 1) (0 0 1 1) (1 0 1 1) (1 1 1 1))) 1 0 ((((0 0 1 0) (1 0 1 1) (0 0 1 1) (0 0 1 1) (0 0 1 1)) ((0 0 1 1) (0 0 1 1) (0 0 1 1) (1 0 1 1) (0 1 1 1))) 0 6 NIL)))))))))))))) 
Numero de nos gerados: 156 
Numero de nos expandidos: 13 
Profundidade da solucao: 13 
Penetrancia: 0.083333336 
Fator Ramificacao Media: 1.3264055 
======================================================================================

====================================================================================== 
Representacao do nivel escolhido: (((0 0 1 0) (1 0 1 1) (0 0 1 1) (0 0 1 1) (0 0 1 1)) ((0 0 1 1) (0 0 1 1) (0 0 1 1) (1 0 1 1) (0 1 1 1))) 
Caixas a fechar do nivel escolhido: 10 
Algoritmo utilizado: ASTAR 
Heuristica utilizada: CALCULAR-HEURISTICA-DADA 
Tempo de execucao: 2.0s 
No solucao ((((0 0 1 1) (1 0 1 1) (0 1 1 1) (0 1 1 1) (0 1 1 1)) ((0 0 1 1) (0 0 1 1) (1 1 1 1) (1 1 1 1) (1 1 1 1))) 8 0 ((((0 0 1 0) (1 0 1 1) (0 1 1 1) (0 1 1 1) (0 1 1 1)) ((0 0 1 1) (0 0 1 1) (1 1 1 1) (1 1 1 1) (1 1 1 1))) 7 1 ((((0 0 1 0) (1 0 1 1) (0 1 1 1) (0 1 1 1) (0 1 1 1)) ((0 0 1 1) (0 0 1 1) (1 1 1 1) (1 1 1 1) (0 1 1 1))) 6 1 ((((0 0 1 0) (1 0 1 1) (0 0 1 1) (0 1 1 1) (0 1 1 1)) ((0 0 1 1) (0 0 1 1) (1 1 1 1) (1 1 1 1) (0 1 1 1))) 5 2 ((((0 0 1 0) (1 0 1 1) (0 0 1 1) (0 0 1 1) (0 1 1 1)) ((0 0 1 1) (0 0 1 1) (1 1 1 1) (1 1 1 1) (0 1 1 1))) 4 3 ((((0 0 1 0) (1 0 1 1) (0 0 1 1) (0 0 1 1) (0 0 1 1)) ((0 0 1 1) (0 0 1 1) (1 1 1 1) (1 1 1 1) (0 1 1 1))) 3 3 ((((0 0 1 0) (1 0 1 1) (0 0 1 1) (0 0 1 1) (0 0 1 1)) ((0 0 1 1) (0 0 1 1) (0 1 1 1) (1 1 1 1) (0 1 1 1))) 2 4 ((((0 0 1 0) (1 0 1 1) (0 0 1 1) (0 0 1 1) (0 0 1 1)) ((0 0 1 1) (0 0 1 1) (0 0 1 1) (1 1 1 1) (0 1 1 1))) 1 5 ((((0 0 1 0) (1 0 1 1) (0 0 1 1) (0 0 1 1) (0 0 1 1)) ((0 0 1 1) (0 0 1 1) (0 0 1 1) (1 0 1 1) (0 1 1 1))) 0 6 NIL))))))))) 
Numero de nos gerados: 7924 
Numero de nos expandidos: 1403 
Profundidade da solucao: 8 
Penetrancia: 0.0010095912 
Fator Ramificacao Media: 2.9144683 
====================================================================================== 


======================================================================================
Representacao do nivel escolhido: (((0 0 0 0 0) (0 0 0 0 0) (0 0 0 0 0) (0 0 0 0 0) (0 0 0 0 0)) ((0 0 0 0) (0 0 0 0) (0 0 0 0) (0 0 0 0) (0 0 0 0) (0 0 0 0))) 
Caixas a fechar do nivel escolhido: 10 
Algoritmo utilizado: DFS 
Profundidade limite: 50 
Tempo de execucao: 1.172s 
No solucao ((((0 0 0 0 0) (0 0 0 0 0) (1 1 1 1 1) (1 1 1 1 1) (1 1 1 1 1)) ((1 1 1 1) (1 1 1 1) (1 1 1 1) (1 1 1 1) (1 1 1 1) (1 1 1 1))) 39 0 ((((0 0 0 0 0) (0 0 0 0 0) (0 1 1 1 1) (1 1 1 1 1) (1 1 1 1 1)) ((1 1 1 1) (1 1 1 1) (1 1 1 1) (1 1 1 1) (1 1 1 1) (1 1 1 1))) 38 0 ((((0 0 0 0 0) (0 0 0 0 0) (0 0 1 1 1) (1 1 1 1 1) (1 1 1 1 1)) ((1 1 1 1) (1 1 1 1) (1 1 1 1) (1 1 1 1) (1 1 1 1) (1 1 1 1))) 37 0 ((((0 0 0 0 0) (0 0 0 0 0) (0 0 0 1 1) (1 1 1 1 1) (1 1 1 1 1)) ((1 1 1 1) (1 1 1 1) (1 1 1 1) (1 1 1 1) (1 1 1 1) (1 1 1 1))) 36 0 ((((0 0 0 0 0) (0 0 0 0 0) (0 0 0 0 1) (1 1 1 1 1) (1 1 1 1 1)) ((1 1 1 1) (1 1 1 1) (1 1 1 1) (1 1 1 1) (1 1 1 1) (1 1 1 1))) 35 0 ((((0 0 0 0 0) (0 0 0 0 0) (0 0 0 0 0) (1 1 1 1 1) (1 1 1 1 1)) ((1 1 1 1) (1 1 1 1) (1 1 1 1) (1 1 1 1) (1 1 1 1) (1 1 1 1))) 34 0 ((((0 0 0 0 0) (0 0 0 0 0) (0 0 0 0 0) (0 1 1 1 1) (1 1 1 1 1)) ((1 1 1 1) (1 1 1 1) (1 1 1 1) (1 1 1 1) (1 1 1 1) (1 1 1 1))) 33 0 ((((0 0 0 0 0) (0 0 0 0 0) (0 0 0 0 0) (0 0 1 1 1) (1 1 1 1 1)) ((1 1 1 1) (1 1 1 1) (1 1 1 1) (1 1 1 1) (1 1 1 1) (1 1 1 1))) 32 0 ((((0 0 0 0 0) (0 0 0 0 0) (0 0 0 0 0) (0 0 0 1 1) (1 1 1 1 1)) ((1 1 1 1) (1 1 1 1) (1 1 1 1) (1 1 1 1) (1 1 1 1) (1 1 1 1))) 31 0 ((((0 0 0 0 0) (0 0 0 0 0) (0 0 0 0 0) (0 0 0 0 1) (1 1 1 1 1)) ((1 1 1 1) (1 1 1 1) (1 1 1 1) (1 1 1 1) (1 1 1 1) (1 1 1 1))) 30 0 ((((0 0 0 0 0) (0 0 0 0 0) (0 0 0 0 0) (0 0 0 0 0) (1 1 1 1 1)) ((1 1 1 1) (1 1 1 1) (1 1 1 1) (1 1 1 1) (1 1 1 1) (1 1 1 1))) 29 0 ((((0 0 0 0 0) (0 0 0 0 0) (0 0 0 0 0) (0 0 0 0 0) (0 1 1 1 1)) ((1 1 1 1) (1 1 1 1) (1 1 1 1) (1 1 1 1) (1 1 1 1) (1 1 1 1))) 28 0 ((((0 0 0 0 0) (0 0 0 0 0) (0 0 0 0 0) (0 0 0 0 0) (0 0 1 1 1)) ((1 1 1 1) (1 1 1 1) (1 1 1 1) (1 1 1 1) (1 1 1 1) (1 1 1 1))) 27 0 ((((0 0 0 0 0) (0 0 0 0 0) (0 0 0 0 0) (0 0 0 0 0) (0 0 0 1 1)) ((1 1 1 1) (1 1 1 1) (1 1 1 1) (1 1 1 1) (1 1 1 1) (1 1 1 1))) 26 0 ((((0 0 0 0 0) (0 0 0 0 0) (0 0 0 0 0) (0 0 0 0 0) (0 0 0 0 1)) ((1 1 1 1) (1 1 1 1) (1 1 1 1) (1 1 1 1) (1 1 1 1) (1 1 1 1))) 25 0 ((((0 0 0 0 0) (0 0 0 0 0) (0 0 0 0 0) (0 0 0 0 0) (0 0 0 0 0)) ((1 1 1 1) (1 1 1 1) (1 1 1 1) (1 1 1 1) (1 1 1 1) (1 1 1 1))) 24 0 ((((0 0 0 0 0) (0 0 0 0 0) (0 0 0 0 0) (0 0 0 0 0) (0 0 0 0 0)) ((0 1 1 1) (1 1 1 1) (1 1 1 1) (1 1 1 1) (1 1 1 1) (1 1 1 1))) 23 0 ((((0 0 0 0 0) (0 0 0 0 0) (0 0 0 0 0) (0 0 0 0 0) (0 0 0 0 0)) ((0 0 1 1) (1 1 1 1) (1 1 1 1) (1 1 1 1) (1 1 1 1) (1 1 1 1))) 22 0 ((((0 0 0 0 0) (0 0 0 0 0) (0 0 0 0 0) (0 0 0 0 0) (0 0 0 0 0)) ((0 0 0 1) (1 1 1 1) (1 1 1 1) (1 1 1 1) (1 1 1 1) (1 1 1 1))) 21 0 ((((0 0 0 0 0) (0 0 0 0 0) (0 0 0 0 0) (0 0 0 0 0) (0 0 0 0 0)) ((0 0 0 0) (1 1 1 1) (1 1 1 1) (1 1 1 1) (1 1 1 1) (1 1 1 1))) 20 0 ((((0 0 0 0 0) (0 0 0 0 0) (0 0 0 0 0) (0 0 0 0 0) (0 0 0 0 0)) ((0 0 0 0) (0 1 1 1) (1 1 1 1) (1 1 1 1) (1 1 1 1) (1 1 1 1))) 19 0 ((((0 0 0 0 0) (0 0 0 0 0) (0 0 0 0 0) (0 0 0 0 0) (0 0 0 0 0)) ((0 0 0 0) (0 0 1 1) (1 1 1 1) (1 1 1 1) (1 1 1 1) (1 1 1 1))) 18 0 ((((0 0 0 0 0) (0 0 0 0 0) (0 0 0 0 0) (0 0 0 0 0) (0 0 0 0 0)) ((0 0 0 0) (0 0 0 1) (1 1 1 1) (1 1 1 1) (1 1 1 1) (1 1 1 1))) 17 0 ((((0 0 0 0 0) (0 0 0 0 0) (0 0 0 0 0) (0 0 0 0 0) (0 0 0 0 0)) ((0 0 0 0) (0 0 0 0) (1 1 1 1) (1 1 1 1) (1 1 1 1) (1 1 1 1))) 16 0 ((((0 0 0 0 0) (0 0 0 0 0) (0 0 0 0 0) (0 0 0 0 0) (0 0 0 0 0)) ((0 0 0 0) (0 0 0 0) (0 1 1 1) (1 1 1 1) (1 1 1 1) (1 1 1 1))) 15 0 ((((0 0 0 0 0) (0 0 0 0 0) (0 0 0 0 0) (0 0 0 0 0) (0 0 0 0 0)) ((0 0 0 0) (0 0 0 0) (0 0 1 1) (1 1 1 1) (1 1 1 1) (1 1 1 1))) 14 0 ((((0 0 0 0 0) (0 0 0 0 0) (0 0 0 0 0) (0 0 0 0 0) (0 0 0 0 0)) ((0 0 0 0) (0 0 0 0) (0 0 0 1) (1 1 1 1) (1 1 1 1) (1 1 1 1))) 13 0 ((((0 0 0 0 0) (0 0 0 0 0) (0 0 0 0 0) (0 0 0 0 0) (0 0 0 0 0)) ((0 0 0 0) (0 0 0 0) (0 0 0 0) (1 1 1 1) (1 1 1 1) (1 1 1 1))) 12 0 ((((0 0 0 0 0) (0 0 0 0 0) (0 0 0 0 0) (0 0 0 0 0) (0 0 0 0 0)) ((0 0 0 0) (0 0 0 0) (0 0 0 0) (0 1 1 1) (1 1 1 1) (1 1 1 1))) 11 0 ((((0 0 0 0 0) (0 0 0 0 0) (0 0 0 0 0) (0 0 0 0 0) (0 0 0 0 0)) ((0 0 0 0) (0 0 0 0) (0 0 0 0) (0 0 1 1) (1 1 1 1) (1 1 1 1))) 10 0 ((((0 0 0 0 0) (0 0 0 0 0) (0 0 0 0 0) (0 0 0 0 0) (0 0 0 0 0)) ((0 0 0 0) (0 0 0 0) (0 0 0 0) (0 0 0 1) (1 1 1 1) (1 1 1 1))) 9 0 ((((0 0 0 0 0) (0 0 0 0 0) (0 0 0 0 0) (0 0 0 0 0) (0 0 0 0 0)) ((0 0 0 0) (0 0 0 0) (0 0 0 0) (0 0 0 0) (1 1 1 1) (1 1 1 1))) 8 0 ((((0 0 0 0 0) (0 0 0 0 0) (0 0 0 0 0) (0 0 0 0 0) (0 0 0 0 0)) ((0 0 0 0) (0 0 0 0) (0 0 0 0) (0 0 0 0) (0 1 1 1) (1 1 1 1))) 7 0 ((((0 0 0 0 0) (0 0 0 0 0) (0 0 0 0 0) (0 0 0 0 0) (0 0 0 0 0)) ((0 0 0 0) (0 0 0 0) (0 0 0 0) (0 0 0 0) (0 0 1 1) (1 1 1 1))) 6 0 ((((0 0 0 0 0) (0 0 0 0 0) (0 0 0 0 0) (0 0 0 0 0) (0 0 0 0 0)) ((0 0 0 0) (0 0 0 0) (0 0 0 0) (0 0 0 0) (0 0 0 1) (1 1 1 1))) 5 0 ((((0 0 0 0 0) (0 0 0 0 0) (0 0 0 0 0) (0 0 0 0 0) (0 0 0 0 0)) ((0 0 0 0) (0 0 0 0) (0 0 0 0) (0 0 0 0) (0 0 0 0) (1 1 1 1))) 4 0 ((((0 0 0 0 0) (0 0 0 0 0) (0 0 0 0 0) (0 0 0 0 0) (0 0 0 0 0)) ((0 0 0 0) (0 0 0 0) (0 0 0 0) (0 0 0 0) (0 0 0 0) (0 1 1 1))) 3 0 ((((0 0 0 0 0) (0 0 0 0 0) (0 0 0 0 0) (0 0 0 0 0) (0 0 0 0 0)) ((0 0 0 0) (0 0 0 0) (0 0 0 0) (0 0 0 0) (0 0 0 0) (0 0 1 1))) 2 0 ((((0 0 0 0 0) (0 0 0 0 0) (0 0 0 0 0) (0 0 0 0 0) (0 0 0 0 0)) ((0 0 0 0) (0 0 0 0) (0 0 0 0) (0 0 0 0) (0 0 0 0) (0 0 0 1))) 1 0 ((((0 0 0 0 0) (0 0 0 0 0) (0 0 0 0 0) (0 0 0 0 0) (0 0 0 0 0)) ((0 0 0 0) (0 0 0 0) (0 0 0 0) (0 0 0 0) (0 0 0 0) (0 0 0 0))) 0 10 NIL)))))))))))))))))))))))))))))))))))))))) 
Numero de nos gerados: 1170 
Numero de nos expandidos: 39 
Profundidade da solucao: 39 
Penetrancia: 0.033333335 
Fator Ramificacao Media: 1.1354472 
======================================================================================


======================================================================================
Representacao do nivel escolhido: (((0 0 0 1 0 0) (0 0 0 1 1 1) (1 1 1 1 1 0) (0 0 0 1 1 0) (0 0 0 1 1 0) (0 0 1 1 1 1) (0 0 1 1 1 1)) ((0 0 0 1 1 1) (0 1 0 0 1 1) (0 1 1 0 1 1) (0 0 1 1 0 0) (1 0 1 0 1 0) (0 0 1 1 0 0) (0 1 1 1 1 1))) 
Caixas a fechar do nivel escolhido: 20 
Algoritmo utilizado: DFS 
Profundidade limite: 50 
Tempo de execucao: 0.61s 
No solucao ((((0 0 0 1 0 0) (0 0 0 1 1 1) (1 1 1 1 1 0) (0 0 1 1 1 0) (0 1 1 1 1 1) (1 1 1 1 1 1) (1 1 1 1 1 1)) ((1 1 1 1 1 1) (1 1 1 1 1 1) (1 1 1 1 1 1) (1 1 1 1 1 1) (1 1 1 1 1 1) (1 1 1 1 1 1) (1 1 1 1 1 1))) 28 0 ((((0 0 0 1 0 0) (0 0 0 1 1 1) (1 1 1 1 1 0) (0 0 0 1 1 0) (0 1 1 1 1 1) (1 1 1 1 1 1) (1 1 1 1 1 1)) ((1 1 1 1 1 1) (1 1 1 1 1 1) (1 1 1 1 1 1) (1 1 1 1 1 1) (1 1 1 1 1 1) (1 1 1 1 1 1) (1 1 1 1 1 1))) 27 0 ((((0 0 0 1 0 0) (0 0 0 1 1 1) (1 1 1 1 1 0) (0 0 0 1 1 0) (0 0 1 1 1 1) (1 1 1 1 1 1) (1 1 1 1 1 1)) ((1 1 1 1 1 1) (1 1 1 1 1 1) (1 1 1 1 1 1) (1 1 1 1 1 1) (1 1 1 1 1 1) (1 1 1 1 1 1) (1 1 1 1 1 1))) 26 0 ((((0 0 0 1 0 0) (0 0 0 1 1 1) (1 1 1 1 1 0) (0 0 0 1 1 0) (0 0 0 1 1 1) (1 1 1 1 1 1) (1 1 1 1 1 1)) ((1 1 1 1 1 1) (1 1 1 1 1 1) (1 1 1 1 1 1) (1 1 1 1 1 1) (1 1 1 1 1 1) (1 1 1 1 1 1) (1 1 1 1 1 1))) 25 0 ((((0 0 0 1 0 0) (0 0 0 1 1 1) (1 1 1 1 1 0) (0 0 0 1 1 0) (0 0 0 1 1 0) (1 1 1 1 1 1) (1 1 1 1 1 1)) ((1 1 1 1 1 1) (1 1 1 1 1 1) (1 1 1 1 1 1) (1 1 1 1 1 1) (1 1 1 1 1 1) (1 1 1 1 1 1) (1 1 1 1 1 1))) 24 0 ((((0 0 0 1 0 0) (0 0 0 1 1 1) (1 1 1 1 1 0) (0 0 0 1 1 0) (0 0 0 1 1 0) (0 1 1 1 1 1) (1 1 1 1 1 1)) ((1 1 1 1 1 1) (1 1 1 1 1 1) (1 1 1 1 1 1) (1 1 1 1 1 1) (1 1 1 1 1 1) (1 1 1 1 1 1) (1 1 1 1 1 1))) 23 0 ((((0 0 0 1 0 0) (0 0 0 1 1 1) (1 1 1 1 1 0) (0 0 0 1 1 0) (0 0 0 1 1 0) (0 0 1 1 1 1) (1 1 1 1 1 1)) ((1 1 1 1 1 1) (1 1 1 1 1 1) (1 1 1 1 1 1) (1 1 1 1 1 1) (1 1 1 1 1 1) (1 1 1 1 1 1) (1 1 1 1 1 1))) 22 0 ((((0 0 0 1 0 0) (0 0 0 1 1 1) (1 1 1 1 1 0) (0 0 0 1 1 0) (0 0 0 1 1 0) (0 0 1 1 1 1) (0 1 1 1 1 1)) ((1 1 1 1 1 1) (1 1 1 1 1 1) (1 1 1 1 1 1) (1 1 1 1 1 1) (1 1 1 1 1 1) (1 1 1 1 1 1) (1 1 1 1 1 1))) 21 0 ((((0 0 0 1 0 0) (0 0 0 1 1 1) (1 1 1 1 1 0) (0 0 0 1 1 0) (0 0 0 1 1 0) (0 0 1 1 1 1) (0 0 1 1 1 1)) ((1 1 1 1 1 1) (1 1 1 1 1 1) (1 1 1 1 1 1) (1 1 1 1 1 1) (1 1 1 1 1 1) (1 1 1 1 1 1) (1 1 1 1 1 1))) 20 0 ((((0 0 0 1 0 0) (0 0 0 1 1 1) (1 1 1 1 1 0) (0 0 0 1 1 0) (0 0 0 1 1 0) (0 0 1 1 1 1) (0 0 1 1 1 1)) ((0 1 1 1 1 1) (1 1 1 1 1 1) (1 1 1 1 1 1) (1 1 1 1 1 1) (1 1 1 1 1 1) (1 1 1 1 1 1) (1 1 1 1 1 1))) 19 0 ((((0 0 0 1 0 0) (0 0 0 1 1 1) (1 1 1 1 1 0) (0 0 0 1 1 0) (0 0 0 1 1 0) (0 0 1 1 1 1) (0 0 1 1 1 1)) ((0 0 1 1 1 1) (1 1 1 1 1 1) (1 1 1 1 1 1) (1 1 1 1 1 1) (1 1 1 1 1 1) (1 1 1 1 1 1) (1 1 1 1 1 1))) 18 0 ((((0 0 0 1 0 0) (0 0 0 1 1 1) (1 1 1 1 1 0) (0 0 0 1 1 0) (0 0 0 1 1 0) (0 0 1 1 1 1) (0 0 1 1 1 1)) ((0 0 0 1 1 1) (1 1 1 1 1 1) (1 1 1 1 1 1) (1 1 1 1 1 1) (1 1 1 1 1 1) (1 1 1 1 1 1) (1 1 1 1 1 1))) 17 0 ((((0 0 0 1 0 0) (0 0 0 1 1 1) (1 1 1 1 1 0) (0 0 0 1 1 0) (0 0 0 1 1 0) (0 0 1 1 1 1) (0 0 1 1 1 1)) ((0 0 0 1 1 1) (0 1 1 1 1 1) (1 1 1 1 1 1) (1 1 1 1 1 1) (1 1 1 1 1 1) (1 1 1 1 1 1) (1 1 1 1 1 1))) 16 0 ((((0 0 0 1 0 0) (0 0 0 1 1 1) (1 1 1 1 1 0) (0 0 0 1 1 0) (0 0 0 1 1 0) (0 0 1 1 1 1) (0 0 1 1 1 1)) ((0 0 0 1 1 1) (0 1 0 1 1 1) (1 1 1 1 1 1) (1 1 1 1 1 1) (1 1 1 1 1 1) (1 1 1 1 1 1) (1 1 1 1 1 1))) 15 0 ((((0 0 0 1 0 0) (0 0 0 1 1 1) (1 1 1 1 1 0) (0 0 0 1 1 0) (0 0 0 1 1 0) (0 0 1 1 1 1) (0 0 1 1 1 1)) ((0 0 0 1 1 1) (0 1 0 0 1 1) (1 1 1 1 1 1) (1 1 1 1 1 1) (1 1 1 1 1 1) (1 1 1 1 1 1) (1 1 1 1 1 1))) 14 0 ((((0 0 0 1 0 0) (0 0 0 1 1 1) (1 1 1 1 1 0) (0 0 0 1 1 0) (0 0 0 1 1 0) (0 0 1 1 1 1) (0 0 1 1 1 1)) ((0 0 0 1 1 1) (0 1 0 0 1 1) (0 1 1 1 1 1) (1 1 1 1 1 1) (1 1 1 1 1 1) (1 1 1 1 1 1) (1 1 1 1 1 1))) 13 0 ((((0 0 0 1 0 0) (0 0 0 1 1 1) (1 1 1 1 1 0) (0 0 0 1 1 0) (0 0 0 1 1 0) (0 0 1 1 1 1) (0 0 1 1 1 1)) ((0 0 0 1 1 1) (0 1 0 0 1 1) (0 1 1 0 1 1) (1 1 1 1 1 1) (1 1 1 1 1 1) (1 1 1 1 1 1) (1 1 1 1 1 1))) 12 0 ((((0 0 0 1 0 0) (0 0 0 1 1 1) (1 1 1 1 1 0) (0 0 0 1 1 0) (0 0 0 1 1 0) (0 0 1 1 1 1) (0 0 1 1 1 1)) ((0 0 0 1 1 1) (0 1 0 0 1 1) (0 1 1 0 1 1) (0 1 1 1 1 1) (1 1 1 1 1 1) (1 1 1 1 1 1) (1 1 1 1 1 1))) 11 0 ((((0 0 0 1 0 0) (0 0 0 1 1 1) (1 1 1 1 1 0) (0 0 0 1 1 0) (0 0 0 1 1 0) (0 0 1 1 1 1) (0 0 1 1 1 1)) ((0 0 0 1 1 1) (0 1 0 0 1 1) (0 1 1 0 1 1) (0 0 1 1 1 1) (1 1 1 1 1 1) (1 1 1 1 1 1) (1 1 1 1 1 1))) 10 0 ((((0 0 0 1 0 0) (0 0 0 1 1 1) (1 1 1 1 1 0) (0 0 0 1 1 0) (0 0 0 1 1 0) (0 0 1 1 1 1) (0 0 1 1 1 1)) ((0 0 0 1 1 1) (0 1 0 0 1 1) (0 1 1 0 1 1) (0 0 1 1 0 1) (1 1 1 1 1 1) (1 1 1 1 1 1) (1 1 1 1 1 1))) 9 0 ((((0 0 0 1 0 0) (0 0 0 1 1 1) (1 1 1 1 1 0) (0 0 0 1 1 0) (0 0 0 1 1 0) (0 0 1 1 1 1) (0 0 1 1 1 1)) ((0 0 0 1 1 1) (0 1 0 0 1 1) (0 1 1 0 1 1) (0 0 1 1 0 0) (1 1 1 1 1 1) (1 1 1 1 1 1) (1 1 1 1 1 1))) 8 0 ((((0 0 0 1 0 0) (0 0 0 1 1 1) (1 1 1 1 1 0) (0 0 0 1 1 0) (0 0 0 1 1 0) (0 0 1 1 1 1) (0 0 1 1 1 1)) ((0 0 0 1 1 1) (0 1 0 0 1 1) (0 1 1 0 1 1) (0 0 1 1 0 0) (1 0 1 1 1 1) (1 1 1 1 1 1) (1 1 1 1 1 1))) 7 0 ((((0 0 0 1 0 0) (0 0 0 1 1 1) (1 1 1 1 1 0) (0 0 0 1 1 0) (0 0 0 1 1 0) (0 0 1 1 1 1) (0 0 1 1 1 1)) ((0 0 0 1 1 1) (0 1 0 0 1 1) (0 1 1 0 1 1) (0 0 1 1 0 0) (1 0 1 0 1 1) (1 1 1 1 1 1) (1 1 1 1 1 1))) 6 0 ((((0 0 0 1 0 0) (0 0 0 1 1 1) (1 1 1 1 1 0) (0 0 0 1 1 0) (0 0 0 1 1 0) (0 0 1 1 1 1) (0 0 1 1 1 1)) ((0 0 0 1 1 1) (0 1 0 0 1 1) (0 1 1 0 1 1) (0 0 1 1 0 0) (1 0 1 0 1 0) (1 1 1 1 1 1) (1 1 1 1 1 1))) 5 0 ((((0 0 0 1 0 0) (0 0 0 1 1 1) (1 1 1 1 1 0) (0 0 0 1 1 0) (0 0 0 1 1 0) (0 0 1 1 1 1) (0 0 1 1 1 1)) ((0 0 0 1 1 1) (0 1 0 0 1 1) (0 1 1 0 1 1) (0 0 1 1 0 0) (1 0 1 0 1 0) (0 1 1 1 1 1) (1 1 1 1 1 1))) 4 0 ((((0 0 0 1 0 0) (0 0 0 1 1 1) (1 1 1 1 1 0) (0 0 0 1 1 0) (0 0 0 1 1 0) (0 0 1 1 1 1) (0 0 1 1 1 1)) ((0 0 0 1 1 1) (0 1 0 0 1 1) (0 1 1 0 1 1) (0 0 1 1 0 0) (1 0 1 0 1 0) (0 0 1 1 1 1) (1 1 1 1 1 1))) 3 0 ((((0 0 0 1 0 0) (0 0 0 1 1 1) (1 1 1 1 1 0) (0 0 0 1 1 0) (0 0 0 1 1 0) (0 0 1 1 1 1) (0 0 1 1 1 1)) ((0 0 0 1 1 1) (0 1 0 0 1 1) (0 1 1 0 1 1) (0 0 1 1 0 0) (1 0 1 0 1 0) (0 0 1 1 0 1) (1 1 1 1 1 1))) 2 0 ((((0 0 0 1 0 0) (0 0 0 1 1 1) (1 1 1 1 1 0) (0 0 0 1 1 0) (0 0 0 1 1 0) (0 0 1 1 1 1) (0 0 1 1 1 1)) ((0 0 0 1 1 1) (0 1 0 0 1 1) (0 1 1 0 1 1) (0 0 1 1 0 0) (1 0 1 0 1 0) (0 0 1 1 0 0) (1 1 1 1 1 1))) 1 0 ((((0 0 0 1 0 0) (0 0 0 1 1 1) (1 1 1 1 1 0) (0 0 0 1 1 0) (0 0 0 1 1 0) (0 0 1 1 1 1) (0 0 1 1 1 1)) ((0 0 0 1 1 1) (0 1 0 0 1 1) (0 1 1 0 1 1) (0 0 1 1 0 0) (1 0 1 0 1 0) (0 0 1 1 0 0) (0 1 1 1 1 1))) 0 18 NIL))))))))))))))))))))))))))))) 
Numero de nos gerados: 770 
Numero de nos expandidos: 28 
Profundidade da solucao: 28 
Penetrancia: 0.036363636 
Fator Ramificacao Media: 1.1869614 
======================================================================================


======================================================================================
Representacao do nivel escolhido: (((0 0 0 0 0 0 0) (0 0 0 0 0 0 0) (0 0 0 0 0 0 0) (0 0 0 0 0 0 0) (0 1 0 0 0 0 0) (0 1 0 0 0 0 0) (0 0 0 0 0 0 0) (0 0 0 0 0 0 0)) ((0 0 0 0 0 0 0) (0 0 0 0 1 0 0) (0 0 0 0 0 0 0) (0 0 0 0 0 0 0) (0 0 0 0 0 0 0) (0 0 0 0 0 0 0) (0 0 0 0 0 0 0) (0 0 0 0 0 0 0))) 
Caixas a fechar do nivel escolhido: 35 
Algoritmo utilizado: DFS 
Profundidade limite: 100 
Tempo de execucao: 22.234s 
No solucao ((((0 0 0 0 0 0 0) (0 0 0 0 0 0 0) (1 1 1 1 1 1 1) (1 1 1 1 1 1 1) (1 1 1 1 1 1 1) (1 1 1 1 1 1 1) (1 1 1 1 1 1 1) (1 1 1 1 1 1 1)) ((1 1 1 1 1 1 1) (1 1 1 1 1 1 1) (1 1 1 1 1 1 1) (1 1 1 1 1 1 1) (1 1 1 1 1 1 1) (1 1 1 1 1 1 1) (1 1 1 1 1 1 1) (1 1 1 1 1 1 1))) 95 0 ((((0 0 0 0 0 0 0) (0 0 0 0 0 0 0) (0 1 1 1 1 1 1) (1 1 1 1 1 1 1) (1 1 1 1 1 1 1) (1 1 1 1 1 1 1) (1 1 1 1 1 1 1) (1 1 1 1 1 1 1)) ((1 1 1 1 1 1 1) (1 1 1 1 1 1 1) (1 1 1 1 1 1 1) (1 1 1 1 1 1 1) (1 1 1 1 1 1 1) (1 1 1 1 1 1 1) (1 1 1 1 1 1 1) (1 1 1 1 1 1 1))) 94 0 ((((0 0 0 0 0 0 0) (0 0 0 0 0 0 0) (0 0 1 1 1 1 1) (1 1 1 1 1 1 1) (1 1 1 1 1 1 1) (1 1 1 1 1 1 1) (1 1 1 1 1 1 1) (1 1 1 1 1 1 1)) ((1 1 1 1 1 1 1) (1 1 1 1 1 1 1) (1 1 1 1 1 1 1) (1 1 1 1 1 1 1) (1 1 1 1 1 1 1) (1 1 1 1 1 1 1) (1 1 1 1 1 1 1) (1 1 1 1 1 1 1))) 93 0 ((((0 0 0 0 0 0 0) (0 0 0 0 0 0 0) (0 0 0 1 1 1 1) (1 1 1 1 1 1 1) (1 1 1 1 1 1 1) (1 1 1 1 1 1 1) (1 1 1 1 1 1 1) (1 1 1 1 1 1 1)) ((1 1 1 1 1 1 1) (1 1 1 1 1 1 1) (1 1 1 1 1 1 1) (1 1 1 1 1 1 1) (1 1 1 1 1 1 1) (1 1 1 1 1 1 1) (1 1 1 1 1 1 1) (1 1 1 1 1 1 1))) 92 0 ((((0 0 0 0 0 0 0) (0 0 0 0 0 0 0) (0 0 0 0 1 1 1) (1 1 1 1 1 1 1) (1 1 1 1 1 1 1) (1 1 1 1 1 1 1) (1 1 1 1 1 1 1) (1 1 1 1 1 1 1)) ((1 1 1 1 1 1 1) (1 1 1 1 1 1 1) (1 1 1 1 1 1 1) (1 1 1 1 1 1 1) (1 1 1 1 1 1 1) (1 1 1 1 1 1 1) (1 1 1 1 1 1 1) (1 1 1 1 1 1 1))) 91 0 ((((0 0 0 0 0 0 0) (0 0 0 0 0 0 0) (0 0 0 0 0 1 1) (1 1 1 1 1 1 1) (1 1 1 1 1 1 1) (1 1 1 1 1 1 1) (1 1 1 1 1 1 1) (1 1 1 1 1 1 1)) ((1 1 1 1 1 1 1) (1 1 1 1 1 1 1) (1 1 1 1 1 1 1) (1 1 1 1 1 1 1) (1 1 1 1 1 1 1) (1 1 1 1 1 1 1) (1 1 1 1 1 1 1) (1 1 1 1 1 1 1))) 90 0 ((((0 0 0 0 0 0 0) (0 0 0 0 0 0 0) (0 0 0 0 0 0 1) (1 1 1 1 1 1 1) (1 1 1 1 1 1 1) (1 1 1 1 1 1 1) (1 1 1 1 1 1 1) (1 1 1 1 1 1 1)) ((1 1 1 1 1 1 1) (1 1 1 1 1 1 1) (1 1 1 1 1 1 1) (1 1 1 1 1 1 1) (1 1 1 1 1 1 1) (1 1 1 1 1 1 1) (1 1 1 1 1 1 1) (1 1 1 1 1 1 1))) 89 0 ((((0 0 0 0 0 0 0) (0 0 0 0 0 0 0) (0 0 0 0 0 0 0) (1 1 1 1 1 1 1) (1 1 1 1 1 1 1) (1 1 1 1 1 1 1) (1 1 1 1 1 1 1) (1 1 1 1 1 1 1)) ((1 1 1 1 1 1 1) (1 1 1 1 1 1 1) (1 1 1 1 1 1 1) (1 1 1 1 1 1 1) (1 1 1 1 1 1 1) (1 1 1 1 1 1 1) (1 1 1 1 1 1 1) (1 1 1 1 1 1 1))) 88 0 ((((0 0 0 0 0 0 0) (0 0 0 0 0 0 0) (0 0 0 0 0 0 0) (0 1 1 1 1 1 1) (1 1 1 1 1 1 1) (1 1 1 1 1 1 1) (1 1 1 1 1 1 1) (1 1 1 1 1 1 1)) ((1 1 1 1 1 1 1) (1 1 1 1 1 1 1) (1 1 1 1 1 1 1) (1 1 1 1 1 1 1) (1 1 1 1 1 1 1) (1 1 1 1 1 1 1) (1 1 1 1 1 1 1) (1 1 1 1 1 1 1))) 87 0 ((((0 0 0 0 0 0 0) (0 0 0 0 0 0 0) (0 0 0 0 0 0 0) (0 0 1 1 1 1 1) (1 1 1 1 1 1 1) (1 1 1 1 1 1 1) (1 1 1 1 1 1 1) (1 1 1 1 1 1 1)) ((1 1 1 1 1 1 1) (1 1 1 1 1 1 1) (1 1 1 1 1 1 1) (1 1 1 1 1 1 1) (1 1 1 1 1 1 1) (1 1 1 1 1 1 1) (1 1 1 1 1 1 1) (1 1 1 1 1 1 1))) 86 0 ((((0 0 0 0 0 0 0) (0 0 0 0 0 0 0) (0 0 0 0 0 0 0) (0 0 0 1 1 1 1) (1 1 1 1 1 1 1) (1 1 1 1 1 1 1) (1 1 1 1 1 1 1) (1 1 1 1 1 1 1)) ((1 1 1 1 1 1 1) (1 1 1 1 1 1 1) (1 1 1 1 1 1 1) (1 1 1 1 1 1 1) (1 1 1 1 1 1 1) (1 1 1 1 1 1 1) (1 1 1 1 1 1 1) (1 1 1 1 1 1 1))) 85 0 ((((0 0 0 0 0 0 0) (0 0 0 0 0 0 0) (0 0 0 0 0 0 0) (0 0 0 0 1 1 1) (1 1 1 1 1 1 1) (1 1 1 1 1 1 1) (1 1 1 1 1 1 1) (1 1 1 1 1 1 1)) ((1 1 1 1 1 1 1) (1 1 1 1 1 1 1) (1 1 1 1 1 1 1) (1 1 1 1 1 1 1) (1 1 1 1 1 1 1) (1 1 1 1 1 1 1) (1 1 1 1 1 1 1) (1 1 1 1 1 1 1))) 84 0 ((((0 0 0 0 0 0 0) (0 0 0 0 0 0 0) (0 0 0 0 0 0 0) (0 0 0 0 0 1 1) (1 1 1 1 1 1 1) (1 1 1 1 1 1 1) (1 1 1 1 1 1 1) (1 1 1 1 1 1 1)) ((1 1 1 1 1 1 1) (1 1 1 1 1 1 1) (1 1 1 1 1 1 1) (1 1 1 1 1 1 1) (1 1 1 1 1 1 1) (1 1 1 1 1 1 1) (1 1 1 1 1 1 1) (1 1 1 1 1 1 1))) 83 0 ((((0 0 0 0 0 0 0) (0 0 0 0 0 0 0) (0 0 0 0 0 0 0) (0 0 0 0 0 0 1) (1 1 1 1 1 1 1) (1 1 1 1 1 1 1) (1 1 1 1 1 1 1) (1 1 1 1 1 1 1)) ((1 1 1 1 1 1 1) (1 1 1 1 1 1 1) (1 1 1 1 1 1 1) (1 1 1 1 1 1 1) (1 1 1 1 1 1 1) (1 1 1 1 1 1 1) (1 1 1 1 1 1 1) (1 1 1 1 1 1 1))) 82 0 ((((0 0 0 0 0 0 0) (0 0 0 0 0 0 0) (0 0 0 0 0 0 0) (0 0 0 0 0 0 0) (1 1 1 1 1 1 1) (1 1 1 1 1 1 1) (1 1 1 1 1 1 1) (1 1 1 1 1 1 1)) ((1 1 1 1 1 1 1) (1 1 1 1 1 1 1) (1 1 1 1 1 1 1) (1 1 1 1 1 1 1) (1 1 1 1 1 1 1) (1 1 1 1 1 1 1) (1 1 1 1 1 1 1) (1 1 1 1 1 1 1))) 81 0 ((((0 0 0 0 0 0 0) (0 0 0 0 0 0 0) (0 0 0 0 0 0 0) (0 0 0 0 0 0 0) (0 1 1 1 1 1 1) (1 1 1 1 1 1 1) (1 1 1 1 1 1 1) (1 1 1 1 1 1 1)) ((1 1 1 1 1 1 1) (1 1 1 1 1 1 1) (1 1 1 1 1 1 1) (1 1 1 1 1 1 1) (1 1 1 1 1 1 1) (1 1 1 1 1 1 1) (1 1 1 1 1 1 1) (1 1 1 1 1 1 1))) 80 0 ((((0 0 0 0 0 0 0) (0 0 0 0 0 0 0) (0 0 0 0 0 0 0) (0 0 0 0 0 0 0) (0 1 0 1 1 1 1) (1 1 1 1 1 1 1) (1 1 1 1 1 1 1) (1 1 1 1 1 1 1)) ((1 1 1 1 1 1 1) (1 1 1 1 1 1 1) (1 1 1 1 1 1 1) (1 1 1 1 1 1 1) (1 1 1 1 1 1 1) (1 1 1 1 1 1 1) (1 1 1 1 1 1 1) (1 1 1 1 1 1 1))) 79 0 ((((0 0 0 0 0 0 0) (0 0 0 0 0 0 0) (0 0 0 0 0 0 0) (0 0 0 0 0 0 0) (0 1 0 0 1 1 1) (1 1 1 1 1 1 1) (1 1 1 1 1 1 1) (1 1 1 1 1 1 1)) ((1 1 1 1 1 1 1) (1 1 1 1 1 1 1) (1 1 1 1 1 1 1) (1 1 1 1 1 1 1) (1 1 1 1 1 1 1) (1 1 1 1 1 1 1) (1 1 1 1 1 1 1) (1 1 1 1 1 1 1))) 78 0 ((((0 0 0 0 0 0 0) (0 0 0 0 0 0 0) (0 0 0 0 0 0 0) (0 0 0 0 0 0 0) (0 1 0 0 0 1 1) (1 1 1 1 1 1 1) (1 1 1 1 1 1 1) (1 1 1 1 1 1 1)) ((1 1 1 1 1 1 1) (1 1 1 1 1 1 1) (1 1 1 1 1 1 1) (1 1 1 1 1 1 1) (1 1 1 1 1 1 1) (1 1 1 1 1 1 1) (1 1 1 1 1 1 1) (1 1 1 1 1 1 1))) 77 0 ((((0 0 0 0 0 0 0) (0 0 0 0 0 0 0) (0 0 0 0 0 0 0) (0 0 0 0 0 0 0) (0 1 0 0 0 0 1) (1 1 1 1 1 1 1) (1 1 1 1 1 1 1) (1 1 1 1 1 1 1)) ((1 1 1 1 1 1 1) (1 1 1 1 1 1 1) (1 1 1 1 1 1 1) (1 1 1 1 1 1 1) (1 1 1 1 1 1 1) (1 1 1 1 1 1 1) (1 1 1 1 1 1 1) (1 1 1 1 1 1 1))) 76 0 ((((0 0 0 0 0 0 0) (0 0 0 0 0 0 0) (0 0 0 0 0 0 0) (0 0 0 0 0 0 0) (0 1 0 0 0 0 0) (1 1 1 1 1 1 1) (1 1 1 1 1 1 1) (1 1 1 1 1 1 1)) ((1 1 1 1 1 1 1) (1 1 1 1 1 1 1) (1 1 1 1 1 1 1) (1 1 1 1 1 1 1) (1 1 1 1 1 1 1) (1 1 1 1 1 1 1) (1 1 1 1 1 1 1) (1 1 1 1 1 1 1))) 75 0 ((((0 0 0 0 0 0 0) (0 0 0 0 0 0 0) (0 0 0 0 0 0 0) (0 0 0 0 0 0 0) (0 1 0 0 0 0 0) (0 1 1 1 1 1 1) (1 1 1 1 1 1 1) (1 1 1 1 1 1 1)) ((1 1 1 1 1 1 1) (1 1 1 1 1 1 1) (1 1 1 1 1 1 1) (1 1 1 1 1 1 1) (1 1 1 1 1 1 1) (1 1 1 1 1 1 1) (1 1 1 1 1 1 1) (1 1 1 1 1 1 1))) 74 0 ((((0 0 0 0 0 0 0) (0 0 0 0 0 0 0) (0 0 0 0 0 0 0) (0 0 0 0 0 0 0) (0 1 0 0 0 0 0) (0 1 0 1 1 1 1) (1 1 1 1 1 1 1) (1 1 1 1 1 1 1)) ((1 1 1 1 1 1 1) (1 1 1 1 1 1 1) (1 1 1 1 1 1 1) (1 1 1 1 1 1 1) (1 1 1 1 1 1 1) (1 1 1 1 1 1 1) (1 1 1 1 1 1 1) (1 1 1 1 1 1 1))) 73 0 ((((0 0 0 0 0 0 0) (0 0 0 0 0 0 0) (0 0 0 0 0 0 0) (0 0 0 0 0 0 0) (0 1 0 0 0 0 0) (0 1 0 0 1 1 1) (1 1 1 1 1 1 1) (1 1 1 1 1 1 1)) ((1 1 1 1 1 1 1) (1 1 1 1 1 1 1) (1 1 1 1 1 1 1) (1 1 1 1 1 1 1) (1 1 1 1 1 1 1) (1 1 1 1 1 1 1) (1 1 1 1 1 1 1) (1 1 1 1 1 1 1))) 72 0 ((((0 0 0 0 0 0 0) (0 0 0 0 0 0 0) (0 0 0 0 0 0 0) (0 0 0 0 0 0 0) (0 1 0 0 0 0 0) (0 1 0 0 0 1 1) (1 1 1 1 1 1 1) (1 1 1 1 1 1 1)) ((1 1 1 1 1 1 1) (1 1 1 1 1 1 1) (1 1 1 1 1 1 1) (1 1 1 1 1 1 1) (1 1 1 1 1 1 1) (1 1 1 1 1 1 1) (1 1 1 1 1 1 1) (1 1 1 1 1 1 1))) 71 0 ((((0 0 0 0 0 0 0) (0 0 0 0 0 0 0) (0 0 0 0 0 0 0) (0 0 0 0 0 0 0) (0 1 0 0 0 0 0) (0 1 0 0 0 0 1) (1 1 1 1 1 1 1) (1 1 1 1 1 1 1)) ((1 1 1 1 1 1 1) (1 1 1 1 1 1 1) (1 1 1 1 1 1 1) (1 1 1 1 1 1 1) (1 1 1 1 1 1 1) (1 1 1 1 1 1 1) (1 1 1 1 1 1 1) (1 1 1 1 1 1 1))) 70 0 ((((0 0 0 0 0 0 0) (0 0 0 0 0 0 0) (0 0 0 0 0 0 0) (0 0 0 0 0 0 0) (0 1 0 0 0 0 0) (0 1 0 0 0 0 0) (1 1 1 1 1 1 1) (1 1 1 1 1 1 1)) ((1 1 1 1 1 1 1) (1 1 1 1 1 1 1) (1 1 1 1 1 1 1) (1 1 1 1 1 1 1) (1 1 1 1 1 1 1) (1 1 1 1 1 1 1) (1 1 1 1 1 1 1) (1 1 1 1 1 1 1))) 69 0 ((((0 0 0 0 0 0 0) (0 0 0 0 0 0 0) (0 0 0 0 0 0 0) (0 0 0 0 0 0 0) (0 1 0 0 0 0 0) (0 1 0 0 0 0 0) (0 1 1 1 1 1 1) (1 1 1 1 1 1 1)) ((1 1 1 1 1 1 1) (1 1 1 1 1 1 1) (1 1 1 1 1 1 1) (1 1 1 1 1 1 1) (1 1 1 1 1 1 1) (1 1 1 1 1 1 1) (1 1 1 1 1 1 1) (1 1 1 1 1 1 1))) 68 0 ((((0 0 0 0 0 0 0) (0 0 0 0 0 0 0) (0 0 0 0 0 0 0) (0 0 0 0 0 0 0) (0 1 0 0 0 0 0) (0 1 0 0 0 0 0) (0 0 1 1 1 1 1) (1 1 1 1 1 1 1)) ((1 1 1 1 1 1 1) (1 1 1 1 1 1 1) (1 1 1 1 1 1 1) (1 1 1 1 1 1 1) (1 1 1 1 1 1 1) (1 1 1 1 1 1 1) (1 1 1 1 1 1 1) (1 1 1 1 1 1 1))) 67 0 ((((0 0 0 0 0 0 0) (0 0 0 0 0 0 0) (0 0 0 0 0 0 0) (0 0 0 0 0 0 0) (0 1 0 0 0 0 0) (0 1 0 0 0 0 0) (0 0 0 1 1 1 1) (1 1 1 1 1 1 1)) ((1 1 1 1 1 1 1) (1 1 1 1 1 1 1) (1 1 1 1 1 1 1) (1 1 1 1 1 1 1) (1 1 1 1 1 1 1) (1 1 1 1 1 1 1) (1 1 1 1 1 1 1) (1 1 1 1 1 1 1))) 66 0 ((((0 0 0 0 0 0 0) (0 0 0 0 0 0 0) (0 0 0 0 0 0 0) (0 0 0 0 0 0 0) (0 1 0 0 0 0 0) (0 1 0 0 0 0 0) (0 0 0 0 1 1 1) (1 1 1 1 1 1 1)) ((1 1 1 1 1 1 1) (1 1 1 1 1 1 1) (1 1 1 1 1 1 1) (1 1 1 1 1 1 1) (1 1 1 1 1 1 1) (1 1 1 1 1 1 1) (1 1 1 1 1 1 1) (1 1 1 1 1 1 1))) 65 0 ((((0 0 0 0 0 0 0) (0 0 0 0 0 0 0) (0 0 0 0 0 0 0) (0 0 0 0 0 0 0) (0 1 0 0 0 0 0) (0 1 0 0 0 0 0) (0 0 0 0 0 1 1) (1 1 1 1 1 1 1)) ((1 1 1 1 1 1 1) (1 1 1 1 1 1 1) (1 1 1 1 1 1 1) (1 1 1 1 1 1 1) (1 1 1 1 1 1 1) (1 1 1 1 1 1 1) (1 1 1 1 1 1 1) (1 1 1 1 1 1 1))) 64 0 ((((0 0 0 0 0 0 0) (0 0 0 0 0 0 0) (0 0 0 0 0 0 0) (0 0 0 0 0 0 0) (0 1 0 0 0 0 0) (0 1 0 0 0 0 0) (0 0 0 0 0 0 1) (1 1 1 1 1 1 1)) ((1 1 1 1 1 1 1) (1 1 1 1 1 1 1) (1 1 1 1 1 1 1) (1 1 1 1 1 1 1) (1 1 1 1 1 1 1) (1 1 1 1 1 1 1) (1 1 1 1 1 1 1) (1 1 1 1 1 1 1))) 63 0 ((((0 0 0 0 0 0 0) (0 0 0 0 0 0 0) (0 0 0 0 0 0 0) (0 0 0 0 0 0 0) (0 1 0 0 0 0 0) (0 1 0 0 0 0 0) (0 0 0 0 0 0 0) (1 1 1 1 1 1 1)) ((1 1 1 1 1 1 1) (1 1 1 1 1 1 1) (1 1 1 1 1 1 1) (1 1 1 1 1 1 1) (1 1 1 1 1 1 1) (1 1 1 1 1 1 1) (1 1 1 1 1 1 1) (1 1 1 1 1 1 1))) 62 0 ((((0 0 0 0 0 0 0) (0 0 0 0 0 0 0) (0 0 0 0 0 0 0) (0 0 0 0 0 0 0) (0 1 0 0 0 0 0) (0 1 0 0 0 0 0) (0 0 0 0 0 0 0) (0 1 1 1 1 1 1)) ((1 1 1 1 1 1 1) (1 1 1 1 1 1 1) (1 1 1 1 1 1 1) (1 1 1 1 1 1 1) (1 1 1 1 1 1 1) (1 1 1 1 1 1 1) (1 1 1 1 1 1 1) (1 1 1 1 1 1 1))) 61 0 ((((0 0 0 0 0 0 0) (0 0 0 0 0 0 0) (0 0 0 0 0 0 0) (0 0 0 0 0 0 0) (0 1 0 0 0 0 0) (0 1 0 0 0 0 0) (0 0 0 0 0 0 0) (0 0 1 1 1 1 1)) ((1 1 1 1 1 1 1) (1 1 1 1 1 1 1) (1 1 1 1 1 1 1) (1 1 1 1 1 1 1) (1 1 1 1 1 1 1) (1 1 1 1 1 1 1) (1 1 1 1 1 1 1) (1 1 1 1 1 1 1))) 60 0 ((((0 0 0 0 0 0 0) (0 0 0 0 0 0 0) (0 0 0 0 0 0 0) (0 0 0 0 0 0 0) (0 1 0 0 0 0 0) (0 1 0 0 0 0 0) (0 0 0 0 0 0 0) (0 0 0 1 1 1 1)) ((1 1 1 1 1 1 1) (1 1 1 1 1 1 1) (1 1 1 1 1 1 1) (1 1 1 1 1 1 1) (1 1 1 1 1 1 1) (1 1 1 1 1 1 1) (1 1 1 1 1 1 1) (1 1 1 1 1 1 1))) 59 0 ((((0 0 0 0 0 0 0) (0 0 0 0 0 0 0) (0 0 0 0 0 0 0) (0 0 0 0 0 0 0) (0 1 0 0 0 0 0) (0 1 0 0 0 0 0) (0 0 0 0 0 0 0) (0 0 0 0 1 1 1)) ((1 1 1 1 1 1 1) (1 1 1 1 1 1 1) (1 1 1 1 1 1 1) (1 1 1 1 1 1 1) (1 1 1 1 1 1 1) (1 1 1 1 1 1 1) (1 1 1 1 1 1 1) (1 1 1 1 1 1 1))) 58 0 ((((0 0 0 0 0 0 0) (0 0 0 0 0 0 0) (0 0 0 0 0 0 0) (0 0 0 0 0 0 0) (0 1 0 0 0 0 0) (0 1 0 0 0 0 0) (0 0 0 0 0 0 0) (0 0 0 0 0 1 1)) ((1 1 1 1 1 1 1) (1 1 1 1 1 1 1) (1 1 1 1 1 1 1) (1 1 1 1 1 1 1) (1 1 1 1 1 1 1) (1 1 1 1 1 1 1) (1 1 1 1 1 1 1) (1 1 1 1 1 1 1))) 57 0 ((((0 0 0 0 0 0 0) (0 0 0 0 0 0 0) (0 0 0 0 0 0 0) (0 0 0 0 0 0 0) (0 1 0 0 0 0 0) (0 1 0 0 0 0 0) (0 0 0 0 0 0 0) (0 0 0 0 0 0 1)) ((1 1 1 1 1 1 1) (1 1 1 1 1 1 1) (1 1 1 1 1 1 1) (1 1 1 1 1 1 1) (1 1 1 1 1 1 1) (1 1 1 1 1 1 1) (1 1 1 1 1 1 1) (1 1 1 1 1 1 1))) 56 0 ((((0 0 0 0 0 0 0) (0 0 0 0 0 0 0) (0 0 0 0 0 0 0) (0 0 0 0 0 0 0) (0 1 0 0 0 0 0) (0 1 0 0 0 0 0) (0 0 0 0 0 0 0) (0 0 0 0 0 0 0)) ((1 1 1 1 1 1 1) (1 1 1 1 1 1 1) (1 1 1 1 1 1 1) (1 1 1 1 1 1 1) (1 1 1 1 1 1 1) (1 1 1 1 1 1 1) (1 1 1 1 1 1 1) (1 1 1 1 1 1 1))) 55 0 ((((0 0 0 0 0 0 0) (0 0 0 0 0 0 0) (0 0 0 0 0 0 0) (0 0 0 0 0 0 0) (0 1 0 0 0 0 0) (0 1 0 0 0 0 0) (0 0 0 0 0 0 0) (0 0 0 0 0 0 0)) ((0 1 1 1 1 1 1) (1 1 1 1 1 1 1) (1 1 1 1 1 1 1) (1 1 1 1 1 1 1) (1 1 1 1 1 1 1) (1 1 1 1 1 1 1) (1 1 1 1 1 1 1) (1 1 1 1 1 1 1))) 54 0 ((((0 0 0 0 0 0 0) (0 0 0 0 0 0 0) (0 0 0 0 0 0 0) (0 0 0 0 0 0 0) (0 1 0 0 0 0 0) (0 1 0 0 0 0 0) (0 0 0 0 0 0 0) (0 0 0 0 0 0 0)) ((0 0 1 1 1 1 1) (1 1 1 1 1 1 1) (1 1 1 1 1 1 1) (1 1 1 1 1 1 1) (1 1 1 1 1 1 1) (1 1 1 1 1 1 1) (1 1 1 1 1 1 1) (1 1 1 1 1 1 1))) 53 0 ((((0 0 0 0 0 0 0) (0 0 0 0 0 0 0) (0 0 0 0 0 0 0) (0 0 0 0 0 0 0) (0 1 0 0 0 0 0) (0 1 0 0 0 0 0) (0 0 0 0 0 0 0) (0 0 0 0 0 0 0)) ((0 0 0 1 1 1 1) (1 1 1 1 1 1 1) (1 1 1 1 1 1 1) (1 1 1 1 1 1 1) (1 1 1 1 1 1 1) (1 1 1 1 1 1 1) (1 1 1 1 1 1 1) (1 1 1 1 1 1 1))) 52 0 ((((0 0 0 0 0 0 0) (0 0 0 0 0 0 0) (0 0 0 0 0 0 0) (0 0 0 0 0 0 0) (0 1 0 0 0 0 0) (0 1 0 0 0 0 0) (0 0 0 0 0 0 0) (0 0 0 0 0 0 0)) ((0 0 0 0 1 1 1) (1 1 1 1 1 1 1) (1 1 1 1 1 1 1) (1 1 1 1 1 1 1) (1 1 1 1 1 1 1) (1 1 1 1 1 1 1) (1 1 1 1 1 1 1) (1 1 1 1 1 1 1))) 51 0 ((((0 0 0 0 0 0 0) (0 0 0 0 0 0 0) (0 0 0 0 0 0 0) (0 0 0 0 0 0 0) (0 1 0 0 0 0 0) (0 1 0 0 0 0 0) (0 0 0 0 0 0 0) (0 0 0 0 0 0 0)) ((0 0 0 0 0 1 1) (1 1 1 1 1 1 1) (1 1 1 1 1 1 1) (1 1 1 1 1 1 1) (1 1 1 1 1 1 1) (1 1 1 1 1 1 1) (1 1 1 1 1 1 1) (1 1 1 1 1 1 1))) 50 0 ((((0 0 0 0 0 0 0) (0 0 0 0 0 0 0) (0 0 0 0 0 0 0) (0 0 0 0 0 0 0) (0 1 0 0 0 0 0) (0 1 0 0 0 0 0) (0 0 0 0 0 0 0) (0 0 0 0 0 0 0)) ((0 0 0 0 0 0 1) (1 1 1 1 1 1 1) (1 1 1 1 1 1 1) (1 1 1 1 1 1 1) (1 1 1 1 1 1 1) (1 1 1 1 1 1 1) (1 1 1 1 1 1 1) (1 1 1 1 1 1 1))) 49 0 ((((0 0 0 0 0 0 0) (0 0 0 0 0 0 0) (0 0 0 0 0 0 0) (0 0 0 0 0 0 0) (0 1 0 0 0 0 0) (0 1 0 0 0 0 0) (0 0 0 0 0 0 0) (0 0 0 0 0 0 0)) ((0 0 0 0 0 0 0) (1 1 1 1 1 1 1) (1 1 1 1 1 1 1) (1 1 1 1 1 1 1) (1 1 1 1 1 1 1) (1 1 1 1 1 1 1) (1 1 1 1 1 1 1) (1 1 1 1 1 1 1))) 48 0 ((((0 0 0 0 0 0 0) (0 0 0 0 0 0 0) (0 0 0 0 0 0 0) (0 0 0 0 0 0 0) (0 1 0 0 0 0 0) (0 1 0 0 0 0 0) (0 0 0 0 0 0 0) (0 0 0 0 0 0 0)) ((0 0 0 0 0 0 0) (0 1 1 1 1 1 1) (1 1 1 1 1 1 1) (1 1 1 1 1 1 1) (1 1 1 1 1 1 1) (1 1 1 1 1 1 1) (1 1 1 1 1 1 1) (1 1 1 1 1 1 1))) 47 0 ((((0 0 0 0 0 0 0) (0 0 0 0 0 0 0) (0 0 0 0 0 0 0) (0 0 0 0 0 0 0) (0 1 0 0 0 0 0) (0 1 0 0 0 0 0) (0 0 0 0 0 0 0) (0 0 0 0 0 0 0)) ((0 0 0 0 0 0 0) (0 0 1 1 1 1 1) (1 1 1 1 1 1 1) (1 1 1 1 1 1 1) (1 1 1 1 1 1 1) (1 1 1 1 1 1 1) (1 1 1 1 1 1 1) (1 1 1 1 1 1 1))) 46 0 ((((0 0 0 0 0 0 0) (0 0 0 0 0 0 0) (0 0 0 0 0 0 0) (0 0 0 0 0 0 0) (0 1 0 0 0 0 0) (0 1 0 0 0 0 0) (0 0 0 0 0 0 0) (0 0 0 0 0 0 0)) ((0 0 0 0 0 0 0) (0 0 0 1 1 1 1) (1 1 1 1 1 1 1) (1 1 1 1 1 1 1) (1 1 1 1 1 1 1) (1 1 1 1 1 1 1) (1 1 1 1 1 1 1) (1 1 1 1 1 1 1))) 45 0 ((((0 0 0 0 0 0 0) (0 0 0 0 0 0 0) (0 0 0 0 0 0 0) (0 0 0 0 0 0 0) (0 1 0 0 0 0 0) (0 1 0 0 0 0 0) (0 0 0 0 0 0 0) (0 0 0 0 0 0 0)) ((0 0 0 0 0 0 0) (0 0 0 0 1 1 1) (1 1 1 1 1 1 1) (1 1 1 1 1 1 1) (1 1 1 1 1 1 1) (1 1 1 1 1 1 1) (1 1 1 1 1 1 1) (1 1 1 1 1 1 1))) 44 0 ((((0 0 0 0 0 0 0) (0 0 0 0 0 0 0) (0 0 0 0 0 0 0) (0 0 0 0 0 0 0) (0 1 0 0 0 0 0) (0 1 0 0 0 0 0) (0 0 0 0 0 0 0) (0 0 0 0 0 0 0)) ((0 0 0 0 0 0 0) (0 0 0 0 1 0 1) (1 1 1 1 1 1 1) (1 1 1 1 1 1 1) (1 1 1 1 1 1 1) (1 1 1 1 1 1 1) (1 1 1 1 1 1 1) (1 1 1 1 1 1 1))) 43 0 ((((0 0 0 0 0 0 0) (0 0 0 0 0 0 0) (0 0 0 0 0 0 0) (0 0 0 0 0 0 0) (0 1 0 0 0 0 0) (0 1 0 0 0 0 0) (0 0 0 0 0 0 0) (0 0 0 0 0 0 0)) ((0 0 0 0 0 0 0) (0 0 0 0 1 0 0) (1 1 1 1 1 1 1) (1 1 1 1 1 1 1) (1 1 1 1 1 1 1) (1 1 1 1 1 1 1) (1 1 1 1 1 1 1) (1 1 1 1 1 1 1))) 42 0 ((((0 0 0 0 0 0 0) (0 0 0 0 0 0 0) (0 0 0 0 0 0 0) (0 0 0 0 0 0 0) (0 1 0 0 0 0 0) (0 1 0 0 0 0 0) (0 0 0 0 0 0 0) (0 0 0 0 0 0 0)) ((0 0 0 0 0 0 0) (0 0 0 0 1 0 0) (0 1 1 1 1 1 1) (1 1 1 1 1 1 1) (1 1 1 1 1 1 1) (1 1 1 1 1 1 1) (1 1 1 1 1 1 1) (1 1 1 1 1 1 1))) 41 0 ((((0 0 0 0 0 0 0) (0 0 0 0 0 0 0) (0 0 0 0 0 0 0) (0 0 0 0 0 0 0) (0 1 0 0 0 0 0) (0 1 0 0 0 0 0) (0 0 0 0 0 0 0) (0 0 0 0 0 0 0)) ((0 0 0 0 0 0 0) (0 0 0 0 1 0 0) (0 0 1 1 1 1 1) (1 1 1 1 1 1 1) (1 1 1 1 1 1 1) (1 1 1 1 1 1 1) (1 1 1 1 1 1 1) (1 1 1 1 1 1 1))) 40 0 ((((0 0 0 0 0 0 0) (0 0 0 0 0 0 0) (0 0 0 0 0 0 0) (0 0 0 0 0 0 0) (0 1 0 0 0 0 0) (0 1 0 0 0 0 0) (0 0 0 0 0 0 0) (0 0 0 0 0 0 0)) ((0 0 0 0 0 0 0) (0 0 0 0 1 0 0) (0 0 0 1 1 1 1) (1 1 1 1 1 1 1) (1 1 1 1 1 1 1) (1 1 1 1 1 1 1) (1 1 1 1 1 1 1) (1 1 1 1 1 1 1))) 39 0 ((((0 0 0 0 0 0 0) (0 0 0 0 0 0 0) (0 0 0 0 0 0 0) (0 0 0 0 0 0 0) (0 1 0 0 0 0 0) (0 1 0 0 0 0 0) (0 0 0 0 0 0 0) (0 0 0 0 0 0 0)) ((0 0 0 0 0 0 0) (0 0 0 0 1 0 0) (0 0 0 0 1 1 1) (1 1 1 1 1 1 1) (1 1 1 1 1 1 1) (1 1 1 1 1 1 1) (1 1 1 1 1 1 1) (1 1 1 1 1 1 1))) 38 0 ((((0 0 0 0 0 0 0) (0 0 0 0 0 0 0) (0 0 0 0 0 0 0) (0 0 0 0 0 0 0) (0 1 0 0 0 0 0) (0 1 0 0 0 0 0) (0 0 0 0 0 0 0) (0 0 0 0 0 0 0)) ((0 0 0 0 0 0 0) (0 0 0 0 1 0 0) (0 0 0 0 0 1 1) (1 1 1 1 1 1 1) (1 1 1 1 1 1 1) (1 1 1 1 1 1 1) (1 1 1 1 1 1 1) (1 1 1 1 1 1 1))) 37 0 ((((0 0 0 0 0 0 0) (0 0 0 0 0 0 0) (0 0 0 0 0 0 0) (0 0 0 0 0 0 0) (0 1 0 0 0 0 0) (0 1 0 0 0 0 0) (0 0 0 0 0 0 0) (0 0 0 0 0 0 0)) ((0 0 0 0 0 0 0) (0 0 0 0 1 0 0) (0 0 0 0 0 0 1) (1 1 1 1 1 1 1) (1 1 1 1 1 1 1) (1 1 1 1 1 1 1) (1 1 1 1 1 1 1) (1 1 1 1 1 1 1))) 36 0 ((((0 0 0 0 0 0 0) (0 0 0 0 0 0 0) (0 0 0 0 0 0 0) (0 0 0 0 0 0 0) (0 1 0 0 0 0 0) (0 1 0 0 0 0 0) (0 0 0 0 0 0 0) (0 0 0 0 0 0 0)) ((0 0 0 0 0 0 0) (0 0 0 0 1 0 0) (0 0 0 0 0 0 0) (1 1 1 1 1 1 1) (1 1 1 1 1 1 1) (1 1 1 1 1 1 1) (1 1 1 1 1 1 1) (1 1 1 1 1 1 1))) 35 0 ((((0 0 0 0 0 0 0) (0 0 0 0 0 0 0) (0 0 0 0 0 0 0) (0 0 0 0 0 0 0) (0 1 0 0 0 0 0) (0 1 0 0 0 0 0) (0 0 0 0 0 0 0) (0 0 0 0 0 0 0)) ((0 0 0 0 0 0 0) (0 0 0 0 1 0 0) (0 0 0 0 0 0 0) (0 1 1 1 1 1 1) (1 1 1 1 1 1 1) (1 1 1 1 1 1 1) (1 1 1 1 1 1 1) (1 1 1 1 1 1 1))) 34 0 ((((0 0 0 0 0 0 0) (0 0 0 0 0 0 0) (0 0 0 0 0 0 0) (0 0 0 0 0 0 0) (0 1 0 0 0 0 0) (0 1 0 0 0 0 0) (0 0 0 0 0 0 0) (0 0 0 0 0 0 0)) ((0 0 0 0 0 0 0) (0 0 0 0 1 0 0) (0 0 0 0 0 0 0) (0 0 1 1 1 1 1) (1 1 1 1 1 1 1) (1 1 1 1 1 1 1) (1 1 1 1 1 1 1) (1 1 1 1 1 1 1))) 33 0 ((((0 0 0 0 0 0 0) (0 0 0 0 0 0 0) (0 0 0 0 0 0 0) (0 0 0 0 0 0 0) (0 1 0 0 0 0 0) (0 1 0 0 0 0 0) (0 0 0 0 0 0 0) (0 0 0 0 0 0 0)) ((0 0 0 0 0 0 0) (0 0 0 0 1 0 0) (0 0 0 0 0 0 0) (0 0 0 1 1 1 1) (1 1 1 1 1 1 1) (1 1 1 1 1 1 1) (1 1 1 1 1 1 1) (1 1 1 1 1 1 1))) 32 0 ((((0 0 0 0 0 0 0) (0 0 0 0 0 0 0) (0 0 0 0 0 0 0) (0 0 0 0 0 0 0) (0 1 0 0 0 0 0) (0 1 0 0 0 0 0) (0 0 0 0 0 0 0) (0 0 0 0 0 0 0)) ((0 0 0 0 0 0 0) (0 0 0 0 1 0 0) (0 0 0 0 0 0 0) (0 0 0 0 1 1 1) (1 1 1 1 1 1 1) (1 1 1 1 1 1 1) (1 1 1 1 1 1 1) (1 1 1 1 1 1 1))) 31 0 ((((0 0 0 0 0 0 0) (0 0 0 0 0 0 0) (0 0 0 0 0 0 0) (0 0 0 0 0 0 0) (0 1 0 0 0 0 0) (0 1 0 0 0 0 0) (0 0 0 0 0 0 0) (0 0 0 0 0 0 0)) ((0 0 0 0 0 0 0) (0 0 0 0 1 0 0) (0 0 0 0 0 0 0) (0 0 0 0 0 1 1) (1 1 1 1 1 1 1) (1 1 1 1 1 1 1) (1 1 1 1 1 1 1) (1 1 1 1 1 1 1))) 30 0 ((((0 0 0 0 0 0 0) (0 0 0 0 0 0 0) (0 0 0 0 0 0 0) (0 0 0 0 0 0 0) (0 1 0 0 0 0 0) (0 1 0 0 0 0 0) (0 0 0 0 0 0 0) (0 0 0 0 0 0 0)) ((0 0 0 0 0 0 0) (0 0 0 0 1 0 0) (0 0 0 0 0 0 0) (0 0 0 0 0 0 1) (1 1 1 1 1 1 1) (1 1 1 1 1 1 1) (1 1 1 1 1 1 1) (1 1 1 1 1 1 1))) 29 0 ((((0 0 0 0 0 0 0) (0 0 0 0 0 0 0) (0 0 0 0 0 0 0) (0 0 0 0 0 0 0) (0 1 0 0 0 0 0) (0 1 0 0 0 0 0) (0 0 0 0 0 0 0) (0 0 0 0 0 0 0)) ((0 0 0 0 0 0 0) (0 0 0 0 1 0 0) (0 0 0 0 0 0 0) (0 0 0 0 0 0 0) (1 1 1 1 1 1 1) (1 1 1 1 1 1 1) (1 1 1 1 1 1 1) (1 1 1 1 1 1 1))) 28 0 ((((0 0 0 0 0 0 0) (0 0 0 0 0 0 0) (0 0 0 0 0 0 0) (0 0 0 0 0 0 0) (0 1 0 0 0 0 0) (0 1 0 0 0 0 0) (0 0 0 0 0 0 0) (0 0 0 0 0 0 0)) ((0 0 0 0 0 0 0) (0 0 0 0 1 0 0) (0 0 0 0 0 0 0) (0 0 0 0 0 0 0) (0 1 1 1 1 1 1) (1 1 1 1 1 1 1) (1 1 1 1 1 1 1) (1 1 1 1 1 1 1))) 27 0 ((((0 0 0 0 0 0 0) (0 0 0 0 0 0 0) (0 0 0 0 0 0 0) (0 0 0 0 0 0 0) (0 1 0 0 0 0 0) (0 1 0 0 0 0 0) (0 0 0 0 0 0 0) (0 0 0 0 0 0 0)) ((0 0 0 0 0 0 0) (0 0 0 0 1 0 0) (0 0 0 0 0 0 0) (0 0 0 0 0 0 0) (0 0 1 1 1 1 1) (1 1 1 1 1 1 1) (1 1 1 1 1 1 1) (1 1 1 1 1 1 1))) 26 0 ((((0 0 0 0 0 0 0) (0 0 0 0 0 0 0) (0 0 0 0 0 0 0) (0 0 0 0 0 0 0) (0 1 0 0 0 0 0) (0 1 0 0 0 0 0) (0 0 0 0 0 0 0) (0 0 0 0 0 0 0)) ((0 0 0 0 0 0 0) (0 0 0 0 1 0 0) (0 0 0 0 0 0 0) (0 0 0 0 0 0 0) (0 0 0 1 1 1 1) (1 1 1 1 1 1 1) (1 1 1 1 1 1 1) (1 1 1 1 1 1 1))) 25 0 ((((0 0 0 0 0 0 0) (0 0 0 0 0 0 0) (0 0 0 0 0 0 0) (0 0 0 0 0 0 0) (0 1 0 0 0 0 0) (0 1 0 0 0 0 0) (0 0 0 0 0 0 0) (0 0 0 0 0 0 0)) ((0 0 0 0 0 0 0) (0 0 0 0 1 0 0) (0 0 0 0 0 0 0) (0 0 0 0 0 0 0) (0 0 0 0 1 1 1) (1 1 1 1 1 1 1) (1 1 1 1 1 1 1) (1 1 1 1 1 1 1))) 24 0 ((((0 0 0 0 0 0 0) (0 0 0 0 0 0 0) (0 0 0 0 0 0 0) (0 0 0 0 0 0 0) (0 1 0 0 0 0 0) (0 1 0 0 0 0 0) (0 0 0 0 0 0 0) (0 0 0 0 0 0 0)) ((0 0 0 0 0 0 0) (0 0 0 0 1 0 0) (0 0 0 0 0 0 0) (0 0 0 0 0 0 0) (0 0 0 0 0 1 1) (1 1 1 1 1 1 1) (1 1 1 1 1 1 1) (1 1 1 1 1 1 1))) 23 0 ((((0 0 0 0 0 0 0) (0 0 0 0 0 0 0) (0 0 0 0 0 0 0) (0 0 0 0 0 0 0) (0 1 0 0 0 0 0) (0 1 0 0 0 0 0) (0 0 0 0 0 0 0) (0 0 0 0 0 0 0)) ((0 0 0 0 0 0 0) (0 0 0 0 1 0 0) (0 0 0 0 0 0 0) (0 0 0 0 0 0 0) (0 0 0 0 0 0 1) (1 1 1 1 1 1 1) (1 1 1 1 1 1 1) (1 1 1 1 1 1 1))) 22 0 ((((0 0 0 0 0 0 0) (0 0 0 0 0 0 0) (0 0 0 0 0 0 0) (0 0 0 0 0 0 0) (0 1 0 0 0 0 0) (0 1 0 0 0 0 0) (0 0 0 0 0 0 0) (0 0 0 0 0 0 0)) ((0 0 0 0 0 0 0) (0 0 0 0 1 0 0) (0 0 0 0 0 0 0) (0 0 0 0 0 0 0) (0 0 0 0 0 0 0) (1 1 1 1 1 1 1) (1 1 1 1 1 1 1) (1 1 1 1 1 1 1))) 21 0 ((((0 0 0 0 0 0 0) (0 0 0 0 0 0 0) (0 0 0 0 0 0 0) (0 0 0 0 0 0 0) (0 1 0 0 0 0 0) (0 1 0 0 0 0 0) (0 0 0 0 0 0 0) (0 0 0 0 0 0 0)) ((0 0 0 0 0 0 0) (0 0 0 0 1 0 0) (0 0 0 0 0 0 0) (0 0 0 0 0 0 0) (0 0 0 0 0 0 0) (0 1 1 1 1 1 1) (1 1 1 1 1 1 1) (1 1 1 1 1 1 1))) 20 0 ((((0 0 0 0 0 0 0) (0 0 0 0 0 0 0) (0 0 0 0 0 0 0) (0 0 0 0 0 0 0) (0 1 0 0 0 0 0) (0 1 0 0 0 0 0) (0 0 0 0 0 0 0) (0 0 0 0 0 0 0)) ((0 0 0 0 0 0 0) (0 0 0 0 1 0 0) (0 0 0 0 0 0 0) (0 0 0 0 0 0 0) (0 0 0 0 0 0 0) (0 0 1 1 1 1 1) (1 1 1 1 1 1 1) (1 1 1 1 1 1 1))) 19 0 ((((0 0 0 0 0 0 0) (0 0 0 0 0 0 0) (0 0 0 0 0 0 0) (0 0 0 0 0 0 0) (0 1 0 0 0 0 0) (0 1 0 0 0 0 0) (0 0 0 0 0 0 0) (0 0 0 0 0 0 0)) ((0 0 0 0 0 0 0) (0 0 0 0 1 0 0) (0 0 0 0 0 0 0) (0 0 0 0 0 0 0) (0 0 0 0 0 0 0) (0 0 0 1 1 1 1) (1 1 1 1 1 1 1) (1 1 1 1 1 1 1))) 18 0 ((((0 0 0 0 0 0 0) (0 0 0 0 0 0 0) (0 0 0 0 0 0 0) (0 0 0 0 0 0 0) (0 1 0 0 0 0 0) (0 1 0 0 0 0 0) (0 0 0 0 0 0 0) (0 0 0 0 0 0 0)) ((0 0 0 0 0 0 0) (0 0 0 0 1 0 0) (0 0 0 0 0 0 0) (0 0 0 0 0 0 0) (0 0 0 0 0 0 0) (0 0 0 0 1 1 1) (1 1 1 1 1 1 1) (1 1 1 1 1 1 1))) 17 0 ((((0 0 0 0 0 0 0) (0 0 0 0 0 0 0) (0 0 0 0 0 0 0) (0 0 0 0 0 0 0) (0 1 0 0 0 0 0) (0 1 0 0 0 0 0) (0 0 0 0 0 0 0) (0 0 0 0 0 0 0)) ((0 0 0 0 0 0 0) (0 0 0 0 1 0 0) (0 0 0 0 0 0 0) (0 0 0 0 0 0 0) (0 0 0 0 0 0 0) (0 0 0 0 0 1 1) (1 1 1 1 1 1 1) (1 1 1 1 1 1 1))) 16 0 ((((0 0 0 0 0 0 0) (0 0 0 0 0 0 0) (0 0 0 0 0 0 0) (0 0 0 0 0 0 0) (0 1 0 0 0 0 0) (0 1 0 0 0 0 0) (0 0 0 0 0 0 0) (0 0 0 0 0 0 0)) ((0 0 0 0 0 0 0) (0 0 0 0 1 0 0) (0 0 0 0 0 0 0) (0 0 0 0 0 0 0) (0 0 0 0 0 0 0) (0 0 0 0 0 0 1) (1 1 1 1 1 1 1) (1 1 1 1 1 1 1))) 15 0 ((((0 0 0 0 0 0 0) (0 0 0 0 0 0 0) (0 0 0 0 0 0 0) (0 0 0 0 0 0 0) (0 1 0 0 0 0 0) (0 1 0 0 0 0 0) (0 0 0 0 0 0 0) (0 0 0 0 0 0 0)) ((0 0 0 0 0 0 0) (0 0 0 0 1 0 0) (0 0 0 0 0 0 0) (0 0 0 0 0 0 0) (0 0 0 0 0 0 0) (0 0 0 0 0 0 0) (1 1 1 1 1 1 1) (1 1 1 1 1 1 1))) 14 0 ((((0 0 0 0 0 0 0) (0 0 0 0 0 0 0) (0 0 0 0 0 0 0) (0 0 0 0 0 0 0) (0 1 0 0 0 0 0) (0 1 0 0 0 0 0) (0 0 0 0 0 0 0) (0 0 0 0 0 0 0)) ((0 0 0 0 0 0 0) (0 0 0 0 1 0 0) (0 0 0 0 0 0 0) (0 0 0 0 0 0 0) (0 0 0 0 0 0 0) (0 0 0 0 0 0 0) (0 1 1 1 1 1 1) (1 1 1 1 1 1 1))) 13 0 ((((0 0 0 0 0 0 0) (0 0 0 0 0 0 0) (0 0 0 0 0 0 0) (0 0 0 0 0 0 0) (0 1 0 0 0 0 0) (0 1 0 0 0 0 0) (0 0 0 0 0 0 0) (0 0 0 0 0 0 0)) ((0 0 0 0 0 0 0) (0 0 0 0 1 0 0) (0 0 0 0 0 0 0) (0 0 0 0 0 0 0) (0 0 0 0 0 0 0) (0 0 0 0 0 0 0) (0 0 1 1 1 1 1) (1 1 1 1 1 1 1))) 12 0 ((((0 0 0 0 0 0 0) (0 0 0 0 0 0 0) (0 0 0 0 0 0 0) (0 0 0 0 0 0 0) (0 1 0 0 0 0 0) (0 1 0 0 0 0 0) (0 0 0 0 0 0 0) (0 0 0 0 0 0 0)) ((0 0 0 0 0 0 0) (0 0 0 0 1 0 0) (0 0 0 0 0 0 0) (0 0 0 0 0 0 0) (0 0 0 0 0 0 0) (0 0 0 0 0 0 0) (0 0 0 1 1 1 1) (1 1 1 1 1 1 1))) 11 0 ((((0 0 0 0 0 0 0) (0 0 0 0 0 0 0) (0 0 0 0 0 0 0) (0 0 0 0 0 0 0) (0 1 0 0 0 0 0) (0 1 0 0 0 0 0) (0 0 0 0 0 0 0) (0 0 0 0 0 0 0)) ((0 0 0 0 0 0 0) (0 0 0 0 1 0 0) (0 0 0 0 0 0 0) (0 0 0 0 0 0 0) (0 0 0 0 0 0 0) (0 0 0 0 0 0 0) (0 0 0 0 1 1 1) (1 1 1 1 1 1 1))) 10 0 ((((0 0 0 0 0 0 0) (0 0 0 0 0 0 0) (0 0 0 0 0 0 0) (0 0 0 0 0 0 0) (0 1 0 0 0 0 0) (0 1 0 0 0 0 0) (0 0 0 0 0 0 0) (0 0 0 0 0 0 0)) ((0 0 0 0 0 0 0) (0 0 0 0 1 0 0) (0 0 0 0 0 0 0) (0 0 0 0 0 0 0) (0 0 0 0 0 0 0) (0 0 0 0 0 0 0) (0 0 0 0 0 1 1) (1 1 1 1 1 1 1))) 9 0 ((((0 0 0 0 0 0 0) (0 0 0 0 0 0 0) (0 0 0 0 0 0 0) (0 0 0 0 0 0 0) (0 1 0 0 0 0 0) (0 1 0 0 0 0 0) (0 0 0 0 0 0 0) (0 0 0 0 0 0 0)) ((0 0 0 0 0 0 0) (0 0 0 0 1 0 0) (0 0 0 0 0 0 0) (0 0 0 0 0 0 0) (0 0 0 0 0 0 0) (0 0 0 0 0 0 0) (0 0 0 0 0 0 1) (1 1 1 1 1 1 1))) 8 0 ((((0 0 0 0 0 0 0) (0 0 0 0 0 0 0) (0 0 0 0 0 0 0) (0 0 0 0 0 0 0) (0 1 0 0 0 0 0) (0 1 0 0 0 0 0) (0 0 0 0 0 0 0) (0 0 0 0 0 0 0)) ((0 0 0 0 0 0 0) (0 0 0 0 1 0 0) (0 0 0 0 0 0 0) (0 0 0 0 0 0 0) (0 0 0 0 0 0 0) (0 0 0 0 0 0 0) (0 0 0 0 0 0 0) (1 1 1 1 1 1 1))) 7 0 ((((0 0 0 0 0 0 0) (0 0 0 0 0 0 0) (0 0 0 0 0 0 0) (0 0 0 0 0 0 0) (0 1 0 0 0 0 0) (0 1 0 0 0 0 0) (0 0 0 0 0 0 0) (0 0 0 0 0 0 0)) ((0 0 0 0 0 0 0) (0 0 0 0 1 0 0) (0 0 0 0 0 0 0) (0 0 0 0 0 0 0) (0 0 0 0 0 0 0) (0 0 0 0 0 0 0) (0 0 0 0 0 0 0) (0 1 1 1 1 1 1))) 6 0 ((((0 0 0 0 0 0 0) (0 0 0 0 0 0 0) (0 0 0 0 0 0 0) (0 0 0 0 0 0 0) (0 1 0 0 0 0 0) (0 1 0 0 0 0 0) (0 0 0 0 0 0 0) (0 0 0 0 0 0 0)) ((0 0 0 0 0 0 0) (0 0 0 0 1 0 0) (0 0 0 0 0 0 0) (0 0 0 0 0 0 0) (0 0 0 0 0 0 0) (0 0 0 0 0 0 0) (0 0 0 0 0 0 0) (0 0 1 1 1 1 1))) 5 0 ((((0 0 0 0 0 0 0) (0 0 0 0 0 0 0) (0 0 0 0 0 0 0) (0 0 0 0 0 0 0) (0 1 0 0 0 0 0) (0 1 0 0 0 0 0) (0 0 0 0 0 0 0) (0 0 0 0 0 0 0)) ((0 0 0 0 0 0 0) (0 0 0 0 1 0 0) (0 0 0 0 0 0 0) (0 0 0 0 0 0 0) (0 0 0 0 0 0 0) (0 0 0 0 0 0 0) (0 0 0 0 0 0 0) (0 0 0 1 1 1 1))) 4 0 ((((0 0 0 0 0 0 0) (0 0 0 0 0 0 0) (0 0 0 0 0 0 0) (0 0 0 0 0 0 0) (0 1 0 0 0 0 0) (0 1 0 0 0 0 0) (0 0 0 0 0 0 0) (0 0 0 0 0 0 0)) ((0 0 0 0 0 0 0) (0 0 0 0 1 0 0) (0 0 0 0 0 0 0) (0 0 0 0 0 0 0) (0 0 0 0 0 0 0) (0 0 0 0 0 0 0) (0 0 0 0 0 0 0) (0 0 0 0 1 1 1))) 3 0 ((((0 0 0 0 0 0 0) (0 0 0 0 0 0 0) (0 0 0 0 0 0 0) (0 0 0 0 0 0 0) (0 1 0 0 0 0 0) (0 1 0 0 0 0 0) (0 0 0 0 0 0 0) (0 0 0 0 0 0 0)) ((0 0 0 0 0 0 0) (0 0 0 0 1 0 0) (0 0 0 0 0 0 0) (0 0 0 0 0 0 0) (0 0 0 0 0 0 0) (0 0 0 0 0 0 0) (0 0 0 0 0 0 0) (0 0 0 0 0 1 1))) 2 0 ((((0 0 0 0 0 0 0) (0 0 0 0 0 0 0) (0 0 0 0 0 0 0) (0 0 0 0 0 0 0) (0 1 0 0 0 0 0) (0 1 0 0 0 0 0) (0 0 0 0 0 0 0) (0 0 0 0 0 0 0)) ((0 0 0 0 0 0 0) (0 0 0 0 1 0 0) (0 0 0 0 0 0 0) (0 0 0 0 0 0 0) (0 0 0 0 0 0 0) (0 0 0 0 0 0 0) (0 0 0 0 0 0 0) (0 0 0 0 0 0 1))) 1 0 ((((0 0 0 0 0 0 0) (0 0 0 0 0 0 0) (0 0 0 0 0 0 0) (0 0 0 0 0 0 0) (0 1 0 0 0 0 0) (0 1 0 0 0 0 0) (0 0 0 0 0 0 0) (0 0 0 0 0 0 0)) ((0 0 0 0 0 0 0) (0 0 0 0 1 0 0) (0 0 0 0 0 0 0) (0 0 0 0 0 0 0) (0 0 0 0 0 0 0) (0 0 0 0 0 0 0) (0 0 0 0 0 0 0) (0 0 0 0 0 0 0))) 0 35 NIL)))))))))))))))))))))))))))))))))))))))))))))))))))))))))))))))))))))))))))))))))))))))))))))))) 
Numero de nos gerados: 5890 
Numero de nos expandidos: 95 
Profundidade da solucao: 95 
Penetrancia: 0.016129032 
Fator Ramificacao Media: 1.0635048 
======================================================================================