====================================================================================== 
Representacao do nivel escolhido: (((0 0 0) (0 0 1) (0 1 1) (0 0 1)) ((0 0 0) (0 1 0) (0 0 1) (0 1 1))) 
Caixas a fechar do nivel escolhido: 3 
Algoritmo utilizado: ASTAR 
Heuristica utilizada: CALCULAR-HEURISTICA-PROPRIA 
Tempo de execucao: 0.0s 
No solucao ((((0 0 0) (0 1 1) (0 1 1) (0 0 1)) ((0 0 0) (0 1 0) (0 1 1) (0 1 1))) 2 0 ((((0 0 0) (0 0 1) (0 1 1) (0 0 1)) ((0 0 0) (0 1 0) (0 1 1) (0 1 1))) 1 2 ((((0 0 0) (0 0 1) (0 1 1) (0 0 1)) ((0 0 0) (0 1 0) (0 0 1) (0 1 1))) 0 2 NIL))) 
Numero de nos gerados: 30 
Numero de nos expandidos: 2 
Profundidade da solucao: 2 
Penetrancia: 0.06666667 
Fator Ramificacao Media: 4.9999113 
====================================================================================== 



====================================================================================== 
Representacao do nivel escolhido: (((0 0 1 0) (1 1 1 1) (0 0 1 1) (0 0 1 1) (0 0 1 1)) ((0 0 1 1) (0 0 1 1) (1 1 1 1) (1 0 1 1) (0 1 1 1))) 
Caixas a fechar do nivel escolhido: 7 
Algoritmo utilizado: ASTAR 
Heuristica utilizada: CALCULAR-HEURISTICA-PROPRIA 
Tempo de execucao: 0.0s 
No solucao ((((0 0 1 0) (1 1 1 1) (0 0 1 1) (0 0 1 1) (0 0 1 1)) ((0 0 1 1) (0 0 1 1) (1 1 1 1) (1 1 1 1) (0 1 1 1))) 1 0 ((((0 0 1 0) (1 1 1 1) (0 0 1 1) (0 0 1 1) (0 0 1 1)) ((0 0 1 1) (0 0 1 1) (1 1 1 1) (1 0 1 1) (0 1 1 1))) 0 8 NIL)) 
Numero de nos gerados: 14 
Numero de nos expandidos: 1 
Profundidade da solucao: 1 
Penetrancia: 0.071428575 
Fator Ramificacao Media: 13.999823 
====================================================================================== 



====================================================================================== 
Representacao do nivel escolhido: (((0 0 1 0) (1 0 1 1) (0 0 1 1) (0 0 1 1) (0 0 1 1)) ((0 0 1 1) (0 0 1 1) (0 0 1 1) (1 0 1 1) (0 1 1 1))) 
Caixas a fechar do nivel escolhido: 10 
Algoritmo utilizado: ASTAR 
Heuristica utilizada: CALCULAR-HEURISTICA-PROPRIA 
Tempo de execucao: 0.0s 
No solucao ((((0 0 1 0) (1 0 1 1) (0 1 1 1) (1 1 1 1) (1 1 1 1)) ((0 0 1 1) (0 0 1 1) (1 1 1 1) (1 1 1 1) (0 1 1 1))) 8 0 ((((0 0 1 0) (1 0 1 1) (0 1 1 1) (0 1 1 1) (1 1 1 1)) ((0 0 1 1) (0 0 1 1) (1 1 1 1) (1 1 1 1) (0 1 1 1))) 7 2 ((((0 0 1 0) (1 0 1 1) (0 1 1 1) (0 1 1 1) (1 1 1 1)) ((0 0 1 1) (0 0 1 1) (0 1 1 1) (1 1 1 1) (0 1 1 1))) 6 2 ((((0 0 1 0) (1 0 1 1) (0 1 1 1) (0 1 1 1) (0 1 1 1)) ((0 0 1 1) (0 0 1 1) (0 1 1 1) (1 1 1 1) (0 1 1 1))) 5 4 ((((0 0 1 0) (1 0 1 1) (0 1 1 1) (0 1 1 1) (0 1 1 1)) ((0 0 1 1) (0 0 1 1) (0 0 1 1) (1 1 1 1) (0 1 1 1))) 4 3 ((((0 0 1 0) (1 0 1 1) (0 0 1 1) (0 1 1 1) (0 1 1 1)) ((0 0 1 1) (0 0 1 1) (0 0 1 1) (1 1 1 1) (0 1 1 1))) 3 8 ((((0 0 1 0) (1 0 1 1) (0 0 1 1) (0 1 1 1) (0 1 1 1)) ((0 0 1 1) (0 0 1 1) (0 0 1 1) (1 0 1 1) (0 1 1 1))) 2 5 ((((0 0 1 0) (1 0 1 1) (0 0 1 1) (0 0 1 1) (0 1 1 1)) ((0 0 1 1) (0 0 1 1) (0 0 1 1) (1 0 1 1) (0 1 1 1))) 1 12 ((((0 0 1 0) (1 0 1 1) (0 0 1 1) (0 0 1 1) (0 0 1 1)) ((0 0 1 1) (0 0 1 1) (0 0 1 1) (1 0 1 1) (0 1 1 1))) 0 18 NIL))))))))) 
Numero de nos gerados: 401 
Numero de nos expandidos: 38 
Profundidade da solucao: 8 
Penetrancia: 0.019950126 
Fator Ramificacao Media: 1.9321432 
====================================================================================== 



====================================================================================== 
Representacao do nivel escolhido: (((0 0 0 1 0 0) (0 0 0 1 1 1) (1 1 1 1 1 0) (0 0 0 1 1 0) (0 0 0 1 1 0) (0 0 1 1 1 1) (0 0 1 1 1 1)) ((0 0 0 1 1 1) (0 1 0 0 1 1) (0 1 1 0 1 1) (0 0 1 1 0 0) (1 0 1 0 1 0) (0 0 1 1 0 0) (0 1 1 1 1 1))) 
Caixas a fechar do nivel escolhido: 20 
Algoritmo utilizado: ASTAR 
Heuristica utilizada: CALCULAR-HEURISTICA-PROPRIA 
Tempo de execucao: 0.282s 
No solucao ((((0 0 0 1 0 0) (0 1 0 1 1 1) (1 1 1 1 1 1) (0 0 1 1 1 1) (0 0 1 1 1 1) (0 1 1 1 1 1) (0 1 1 1 1 1)) ((0 0 0 1 1 1) (0 1 0 0 1 1) (0 1 1 0 1 1) (0 1 1 1 1 1) (1 1 1 1 1 1) (0 1 1 1 1 1) (0 1 1 1 1 1))) 17 0 ((((0 0 0 1 0 0) (0 1 0 1 1 1) (1 1 1 1 1 1) (0 0 1 1 1 1) (0 0 1 1 1 1) (0 1 1 1 1 1) (0 1 1 1 1 1)) ((0 0 0 1 1 1) (0 1 0 0 1 1) (0 1 1 0 1 1) (0 0 1 1 1 1) (1 1 1 1 1 1) (0 1 1 1 1 1) (0 1 1 1 1 1))) 16 2 ((((0 0 0 1 0 0) (0 1 0 1 1 1) (1 1 1 1 1 1) (0 0 1 1 1 1) (0 0 1 1 1 1) (0 1 1 1 1 1) (0 1 1 1 1 1)) ((0 0 0 1 1 1) (0 1 0 0 1 1) (0 1 1 0 1 1) (0 0 1 1 1 1) (1 0 1 1 1 1) (0 1 1 1 1 1) (0 1 1 1 1 1))) 15 2 ((((0 0 0 1 0 0) (0 1 0 1 1 1) (1 1 1 1 1 1) (0 0 1 1 1 1) (0 0 1 1 1 1) (0 0 1 1 1 1) (0 1 1 1 1 1)) ((0 0 0 1 1 1) (0 1 0 0 1 1) (0 1 1 0 1 1) (0 0 1 1 1 1) (1 0 1 1 1 1) (0 1 1 1 1 1) (0 1 1 1 1 1))) 14 6 ((((0 0 0 1 0 0) (0 1 0 1 1 1) (1 1 1 1 1 1) (0 0 1 1 1 1) (0 0 1 1 1 1) (0 0 1 1 1 1) (0 1 1 1 1 1)) ((0 0 0 1 1 1) (0 1 0 0 1 1) (0 1 1 0 1 1) (0 0 1 1 1 1) (1 0 1 1 1 1) (0 0 1 1 1 1) (0 1 1 1 1 1))) 13 4 ((((0 0 0 1 0 0) (0 1 0 1 1 1) (1 1 1 1 1 1) (0 0 1 1 1 1) (0 0 1 1 1 1) (0 0 1 1 1 1) (0 0 1 1 1 1)) ((0 0 0 1 1 1) (0 1 0 0 1 1) (0 1 1 0 1 1) (0 0 1 1 1 1) (1 0 1 1 1 1) (0 0 1 1 1 1) (0 1 1 1 1 1))) 12 8 ((((0 0 0 1 0 0) (0 1 0 1 1 1) (1 1 1 1 1 1) (0 0 1 1 1 1) (0 0 1 1 1 1) (0 0 1 1 1 1) (0 0 1 1 1 1)) ((0 0 0 1 1 1) (0 1 0 0 1 1) (0 1 1 0 1 1) (0 0 1 1 0 1) (1 0 1 1 1 1) (0 0 1 1 1 1) (0 1 1 1 1 1))) 11 6 ((((0 0 0 1 0 0) (0 1 0 1 1 1) (1 1 1 1 1 1) (0 0 1 1 1 1) (0 0 0 1 1 1) (0 0 1 1 1 1) (0 0 1 1 1 1)) ((0 0 0 1 1 1) (0 1 0 0 1 1) (0 1 1 0 1 1) (0 0 1 1 0 1) (1 0 1 1 1 1) (0 0 1 1 1 1) (0 1 1 1 1 1))) 10 12 ((((0 0 0 1 0 0) (0 1 0 1 1 1) (1 1 1 1 1 1) (0 0 1 1 1 1) (0 0 0 1 1 1) (0 0 1 1 1 1) (0 0 1 1 1 1)) ((0 0 0 1 1 1) (0 1 0 0 1 1) (0 1 1 0 1 1) (0 0 1 1 0 0) (1 0 1 1 1 1) (0 0 1 1 1 1) (0 1 1 1 1 1))) 9 8 ((((0 0 0 1 0 0) (0 1 0 1 1 1) (1 1 1 1 1 0) (0 0 1 1 1 1) (0 0 0 1 1 1) (0 0 1 1 1 1) (0 0 1 1 1 1)) ((0 0 0 1 1 1) (0 1 0 0 1 1) (0 1 1 0 1 1) (0 0 1 1 0 0) (1 0 1 1 1 1) (0 0 1 1 1 1) (0 1 1 1 1 1))) 8 18 ((((0 0 0 1 0 0) (0 1 0 1 1 1) (1 1 1 1 1 0) (0 0 1 1 1 1) (0 0 0 1 1 1) (0 0 1 1 1 1) (0 0 1 1 1 1)) ((0 0 0 1 1 1) (0 1 0 0 1 1) (0 1 1 0 1 1) (0 0 1 1 0 0) (1 0 1 1 1 0) (0 0 1 1 1 1) (0 1 1 1 1 1))) 7 10 ((((0 0 0 1 0 0) (0 1 0 1 1 1) (1 1 1 1 1 0) (0 0 1 1 1 0) (0 0 0 1 1 1) (0 0 1 1 1 1) (0 0 1 1 1 1)) ((0 0 0 1 1 1) (0 1 0 0 1 1) (0 1 1 0 1 1) (0 0 1 1 0 0) (1 0 1 1 1 0) (0 0 1 1 1 1) (0 1 1 1 1 1))) 6 22 ((((0 0 0 1 0 0) (0 1 0 1 1 1) (1 1 1 1 1 0) (0 0 1 1 1 0) (0 0 0 1 1 1) (0 0 1 1 1 1) (0 0 1 1 1 1)) ((0 0 0 1 1 1) (0 1 0 0 1 1) (0 1 1 0 1 1) (0 0 1 1 0 0) (1 0 1 1 1 0) (0 0 1 1 0 1) (0 1 1 1 1 1))) 5 13 ((((0 0 0 1 0 0) (0 1 0 1 1 1) (1 1 1 1 1 0) (0 0 1 1 1 0) (0 0 0 1 1 0) (0 0 1 1 1 1) (0 0 1 1 1 1)) ((0 0 0 1 1 1) (0 1 0 0 1 1) (0 1 1 0 1 1) (0 0 1 1 0 0) (1 0 1 1 1 0) (0 0 1 1 0 1) (0 1 1 1 1 1))) 4 26 ((((0 0 0 1 0 0) (0 1 0 1 1 1) (1 1 1 1 1 0) (0 0 1 1 1 0) (0 0 0 1 1 0) (0 0 1 1 1 1) (0 0 1 1 1 1)) ((0 0 0 1 1 1) (0 1 0 0 1 1) (0 1 1 0 1 1) (0 0 1 1 0 0) (1 0 1 1 1 0) (0 0 1 1 0 0) (0 1 1 1 1 1))) 3 14 ((((0 0 0 1 0 0) (0 0 0 1 1 1) (1 1 1 1 1 0) (0 0 1 1 1 0) (0 0 0 1 1 0) (0 0 1 1 1 1) (0 0 1 1 1 1)) ((0 0 0 1 1 1) (0 1 0 0 1 1) (0 1 1 0 1 1) (0 0 1 1 0 0) (1 0 1 1 1 0) (0 0 1 1 0 0) (0 1 1 1 1 1))) 2 30 ((((0 0 0 1 0 0) (0 0 0 1 1 1) (1 1 1 1 1 0) (0 0 1 1 1 0) (0 0 0 1 1 0) (0 0 1 1 1 1) (0 0 1 1 1 1)) ((0 0 0 1 1 1) (0 1 0 0 1 1) (0 1 1 0 1 1) (0 0 1 1 0 0) (1 0 1 0 1 0) (0 0 1 1 0 0) (0 1 1 1 1 1))) 1 17 ((((0 0 0 1 0 0) (0 0 0 1 1 1) (1 1 1 1 1 0) (0 0 0 1 1 0) (0 0 0 1 1 0) (0 0 1 1 1 1) (0 0 1 1 1 1)) ((0 0 0 1 1 1) (0 1 0 0 1 1) (0 1 1 0 1 1) (0 0 1 1 0 0) (1 0 1 0 1 0) (0 0 1 1 0 0) (0 1 1 1 1 1))) 0 36 NIL)))))))))))))))))) 
Numero de nos gerados: 3824 
Numero de nos expandidos: 149 
Profundidade da solucao: 17 
Penetrancia: 0.004445607 
Fator Ramificacao Media: 1.5262457 
====================================================================================== 



====================================================================================== 
Representacao do nivel escolhido: (((0 0 0) (0 0 1) (0 1 1) (0 0 1)) ((0 0 0) (0 1 0) (0 0 1) (0 1 1))) 
Caixas a fechar do nivel escolhido: 3 
Algoritmo utilizado: ASTAR 
Heuristica utilizada: CALCULAR-HEURISTICA-PROPRIA-V2 
Tempo de execucao: 0.0s 
No solucao ((((0 0 0) (0 1 1) (0 1 1) (0 0 1)) ((0 0 0) (0 1 0) (0 1 1) (0 1 1))) 2 0 ((((0 0 0) (0 0 1) (0 1 1) (0 0 1)) ((0 0 0) (0 1 0) (0 1 1) (0 1 1))) 1 15 ((((0 0 0) (0 0 1) (0 1 1) (0 0 1)) ((0 0 0) (0 1 0) (0 0 1) (0 1 1))) 0 32 NIL))) 
Numero de nos gerados: 30 
Numero de nos expandidos: 2 
Profundidade da solucao: 2 
Penetrancia: 0.06666667 
Fator Ramificacao Media: 4.9999113 
====================================================================================== 



====================================================================================== 
Representacao do nivel escolhido: (((0 0 1 0) (1 1 1 1) (0 0 1 1) (0 0 1 1) (0 0 1 1)) ((0 0 1 1) (0 0 1 1) (1 1 1 1) (1 0 1 1) (0 1 1 1))) 
Caixas a fechar do nivel escolhido: 7 
Algoritmo utilizado: ASTAR 
Heuristica utilizada: CALCULAR-HEURISTICA-PROPRIA-V2 
Tempo de execucao: 0.0s 
No solucao ((((0 0 1 0) (1 1 1 1) (0 0 1 1) (0 0 1 1) (0 0 1 1)) ((0 0 1 1) (0 0 1 1) (1 1 1 1) (1 1 1 1) (0 1 1 1))) 1 0 ((((0 0 1 0) (1 1 1 1) (0 0 1 1) (0 0 1 1) (0 0 1 1)) ((0 0 1 1) (0 0 1 1) (1 1 1 1) (1 0 1 1) (0 1 1 1))) 0 30 NIL)) 
Numero de nos gerados: 14 
Numero de nos expandidos: 1 
Profundidade da solucao: 1 
Penetrancia: 0.071428575 
Fator Ramificacao Media: 13.999823 
====================================================================================== 



====================================================================================== 
Representacao do nivel escolhido: (((0 0 1 0) (1 0 1 1) (0 0 1 1) (0 0 1 1) (0 0 1 1)) ((0 0 1 1) (0 0 1 1) (0 0 1 1) (1 0 1 1) (0 1 1 1))) 
Caixas a fechar do nivel escolhido: 10 
Algoritmo utilizado: ASTAR 
Heuristica utilizada: CALCULAR-HEURISTICA-PROPRIA-V2 
Tempo de execucao: 0.0s 
No solucao ((((0 0 1 1) (1 0 1 1) (1 0 1 1) (1 0 1 1) (0 0 1 1)) ((0 1 1 1) (1 1 1 1) (1 1 1 1) (1 1 1 1) (1 1 1 1))) 10 0 ((((0 0 1 1) (1 0 1 1) (1 0 1 1) (0 0 1 1) (0 0 1 1)) ((0 1 1 1) (1 1 1 1) (1 1 1 1) (1 1 1 1) (1 1 1 1))) 9 9 ((((0 0 1 1) (1 0 1 1) (0 0 1 1) (0 0 1 1) (0 0 1 1)) ((0 1 1 1) (1 1 1 1) (1 1 1 1) (1 1 1 1) (1 1 1 1))) 8 20 ((((0 0 1 1) (1 0 1 1) (0 0 1 1) (0 0 1 1) (0 0 1 1)) ((0 0 1 1) (1 1 1 1) (1 1 1 1) (1 1 1 1) (1 1 1 1))) 7 22 ((((0 0 1 1) (1 0 1 1) (0 0 1 1) (0 0 1 1) (0 0 1 1)) ((0 0 1 1) (0 1 1 1) (1 1 1 1) (1 1 1 1) (1 1 1 1))) 6 24 ((((0 0 1 1) (1 0 1 1) (0 0 1 1) (0 0 1 1) (0 0 1 1)) ((0 0 1 1) (0 0 1 1) (1 1 1 1) (1 1 1 1) (1 1 1 1))) 5 26 ((((0 0 1 0) (1 0 1 1) (0 0 1 1) (0 0 1 1) (0 0 1 1)) ((0 0 1 1) (0 0 1 1) (1 1 1 1) (1 1 1 1) (1 1 1 1))) 4 42 ((((0 0 1 0) (1 0 1 1) (0 0 1 1) (0 0 1 1) (0 0 1 1)) ((0 0 1 1) (0 0 1 1) (1 1 1 1) (1 1 1 1) (0 1 1 1))) 3 45 ((((0 0 1 0) (1 0 1 1) (0 0 1 1) (0 0 1 1) (0 0 1 1)) ((0 0 1 1) (0 0 1 1) (0 1 1 1) (1 1 1 1) (0 1 1 1))) 2 64 ((((0 0 1 0) (1 0 1 1) (0 0 1 1) (0 0 1 1) (0 0 1 1)) ((0 0 1 1) (0 0 1 1) (0 0 1 1) (1 1 1 1) (0 1 1 1))) 1 85 ((((0 0 1 0) (1 0 1 1) (0 0 1 1) (0 0 1 1) (0 0 1 1)) ((0 0 1 1) (0 0 1 1) (0 0 1 1) (1 0 1 1) (0 1 1 1))) 0 108 NIL))))))))))) 
Numero de nos gerados: 134 
Numero de nos expandidos: 10 
Profundidade da solucao: 10 
Penetrancia: 0.07462686 
Fator Ramificacao Media: 1.4569678 
====================================================================================== 



====================================================================================== 
Representacao do nivel escolhido: (((0 0 0 0 0) (0 0 0 0 0) (0 0 0 0 0) (0 0 0 0 0) (0 0 0 0 0)) ((0 0 0 0) (0 0 0 0) (0 0 0 0) (0 0 0 0) (0 0 0 0) (0 0 0 0))) 
Caixas a fechar do nivel escolhido: 10 
Algoritmo utilizado: ASTAR 
Heuristica utilizada: CALCULAR-HEURISTICA-PROPRIA-V2 
Tempo de execucao: 0.015s 
No solucao ((((0 0 0 1 1) (0 0 0 1 1) (0 0 1 1 1) (0 0 1 1 1) (0 0 1 1 1)) ((1 1 1 1) (1 1 1 1) (1 1 1 1) (1 1 1 1) (1 1 1 1) (1 1 1 1))) 37 0 ((((0 0 0 1 1) (0 0 0 1 1) (0 0 0 1 1) (0 0 1 1 1) (0 0 1 1 1)) ((1 1 1 1) (1 1 1 1) (1 1 1 1) (1 1 1 1) (1 1 1 1) (1 1 1 1))) 36 13 ((((0 0 0 1 1) (0 0 0 1 1) (0 0 0 1 1) (0 0 0 1 1) (0 0 1 1 1)) ((1 1 1 1) (1 1 1 1) (1 1 1 1) (1 1 1 1) (1 1 1 1) (1 1 1 1))) 35 28 ((((0 0 0 1 1) (0 0 0 1 1) (0 0 0 1 1) (0 0 0 1 1) (0 0 0 1 1)) ((1 1 1 1) (1 1 1 1) (1 1 1 1) (1 1 1 1) (1 1 1 1) (1 1 1 1))) 34 30 ((((0 0 0 0 1) (0 0 0 1 1) (0 0 0 1 1) (0 0 0 1 1) (0 0 0 1 1)) ((1 1 1 1) (1 1 1 1) (1 1 1 1) (1 1 1 1) (1 1 1 1) (1 1 1 1))) 33 48 ((((0 0 0 0 1) (0 0 0 0 1) (0 0 0 1 1) (0 0 0 1 1) (0 0 0 1 1)) ((1 1 1 1) (1 1 1 1) (1 1 1 1) (1 1 1 1) (1 1 1 1) (1 1 1 1))) 32 68 ((((0 0 0 0 1) (0 0 0 0 1) (0 0 0 0 1) (0 0 0 1 1) (0 0 0 1 1)) ((1 1 1 1) (1 1 1 1) (1 1 1 1) (1 1 1 1) (1 1 1 1) (1 1 1 1))) 31 90 ((((0 0 0 0 1) (0 0 0 0 1) (0 0 0 0 1) (0 0 0 0 1) (0 0 0 1 1)) ((1 1 1 1) (1 1 1 1) (1 1 1 1) (1 1 1 1) (1 1 1 1) (1 1 1 1))) 30 114 ((((0 0 0 0 1) (0 0 0 0 1) (0 0 0 0 1) (0 0 0 0 1) (0 0 0 0 1)) ((1 1 1 1) (1 1 1 1) (1 1 1 1) (1 1 1 1) (1 1 1 1) (1 1 1 1))) 29 120 ((((0 0 0 0 0) (0 0 0 0 1) (0 0 0 0 1) (0 0 0 0 1) (0 0 0 0 1)) ((1 1 1 1) (1 1 1 1) (1 1 1 1) (1 1 1 1) (1 1 1 1) (1 1 1 1))) 28 147 ((((0 0 0 0 0) (0 0 0 0 0) (0 0 0 0 1) (0 0 0 0 1) (0 0 0 0 1)) ((1 1 1 1) (1 1 1 1) (1 1 1 1) (1 1 1 1) (1 1 1 1) (1 1 1 1))) 27 176 ((((0 0 0 0 0) (0 0 0 0 0) (0 0 0 0 0) (0 0 0 0 1) (0 0 0 0 1)) ((1 1 1 1) (1 1 1 1) (1 1 1 1) (1 1 1 1) (1 1 1 1) (1 1 1 1))) 26 207 ((((0 0 0 0 0) (0 0 0 0 0) (0 0 0 0 0) (0 0 0 0 0) (0 0 0 0 1)) ((1 1 1 1) (1 1 1 1) (1 1 1 1) (1 1 1 1) (1 1 1 1) (1 1 1 1))) 25 240 ((((0 0 0 0 0) (0 0 0 0 0) (0 0 0 0 0) (0 0 0 0 0) (0 0 0 0 0)) ((1 1 1 1) (1 1 1 1) (1 1 1 1) (1 1 1 1) (1 1 1 1) (1 1 1 1))) 24 250 ((((0 0 0 0 0) (0 0 0 0 0) (0 0 0 0 0) (0 0 0 0 0) (0 0 0 0 0)) ((0 1 1 1) (1 1 1 1) (1 1 1 1) (1 1 1 1) (1 1 1 1) (1 1 1 1))) 23 260 ((((0 0 0 0 0) (0 0 0 0 0) (0 0 0 0 0) (0 0 0 0 0) (0 0 0 0 0)) ((0 0 1 1) (1 1 1 1) (1 1 1 1) (1 1 1 1) (1 1 1 1) (1 1 1 1))) 22 270 ((((0 0 0 0 0) (0 0 0 0 0) (0 0 0 0 0) (0 0 0 0 0) (0 0 0 0 0)) ((0 0 0 1) (1 1 1 1) (1 1 1 1) (1 1 1 1) (1 1 1 1) (1 1 1 1))) 21 280 ((((0 0 0 0 0) (0 0 0 0 0) (0 0 0 0 0) (0 0 0 0 0) (0 0 0 0 0)) ((0 0 0 0) (1 1 1 1) (1 1 1 1) (1 1 1 1) (1 1 1 1) (1 1 1 1))) 20 290 ((((0 0 0 0 0) (0 0 0 0 0) (0 0 0 0 0) (0 0 0 0 0) (0 0 0 0 0)) ((0 0 0 0) (0 1 1 1) (1 1 1 1) (1 1 1 1) (1 1 1 1) (1 1 1 1))) 19 300 ((((0 0 0 0 0) (0 0 0 0 0) (0 0 0 0 0) (0 0 0 0 0) (0 0 0 0 0)) ((0 0 0 0) (0 0 1 1) (1 1 1 1) (1 1 1 1) (1 1 1 1) (1 1 1 1))) 18 310 ((((0 0 0 0 0) (0 0 0 0 0) (0 0 0 0 0) (0 0 0 0 0) (0 0 0 0 0)) ((0 0 0 0) (0 0 0 1) (1 1 1 1) (1 1 1 1) (1 1 1 1) (1 1 1 1))) 17 320 ((((0 0 0 0 0) (0 0 0 0 0) (0 0 0 0 0) (0 0 0 0 0) (0 0 0 0 0)) ((0 0 0 0) (0 0 0 0) (1 1 1 1) (1 1 1 1) (1 1 1 1) (1 1 1 1))) 16 330 ((((0 0 0 0 0) (0 0 0 0 0) (0 0 0 0 0) (0 0 0 0 0) (0 0 0 0 0)) ((0 0 0 0) (0 0 0 0) (0 1 1 1) (1 1 1 1) (1 1 1 1) (1 1 1 1))) 15 340 ((((0 0 0 0 0) (0 0 0 0 0) (0 0 0 0 0) (0 0 0 0 0) (0 0 0 0 0)) ((0 0 0 0) (0 0 0 0) (0 0 1 1) (1 1 1 1) (1 1 1 1) (1 1 1 1))) 14 350 ((((0 0 0 0 0) (0 0 0 0 0) (0 0 0 0 0) (0 0 0 0 0) (0 0 0 0 0)) ((0 0 0 0) (0 0 0 0) (0 0 0 1) (1 1 1 1) (1 1 1 1) (1 1 1 1))) 13 360 ((((0 0 0 0 0) (0 0 0 0 0) (0 0 0 0 0) (0 0 0 0 0) (0 0 0 0 0)) ((0 0 0 0) (0 0 0 0) (0 0 0 0) (1 1 1 1) (1 1 1 1) (1 1 1 1))) 12 370 ((((0 0 0 0 0) (0 0 0 0 0) (0 0 0 0 0) (0 0 0 0 0) (0 0 0 0 0)) ((0 0 0 0) (0 0 0 0) (0 0 0 0) (0 1 1 1) (1 1 1 1) (1 1 1 1))) 11 380 ((((0 0 0 0 0) (0 0 0 0 0) (0 0 0 0 0) (0 0 0 0 0) (0 0 0 0 0)) ((0 0 0 0) (0 0 0 0) (0 0 0 0) (0 0 1 1) (1 1 1 1) (1 1 1 1))) 10 390 ((((0 0 0 0 0) (0 0 0 0 0) (0 0 0 0 0) (0 0 0 0 0) (0 0 0 0 0)) ((0 0 0 0) (0 0 0 0) (0 0 0 0) (0 0 0 1) (1 1 1 1) (1 1 1 1))) 9 400 ((((0 0 0 0 0) (0 0 0 0 0) (0 0 0 0 0) (0 0 0 0 0) (0 0 0 0 0)) ((0 0 0 0) (0 0 0 0) (0 0 0 0) (0 0 0 0) (1 1 1 1) (1 1 1 1))) 8 410 ((((0 0 0 0 0) (0 0 0 0 0) (0 0 0 0 0) (0 0 0 0 0) (0 0 0 0 0)) ((0 0 0 0) (0 0 0 0) (0 0 0 0) (0 0 0 0) (0 1 1 1) (1 1 1 1))) 7 420 ((((0 0 0 0 0) (0 0 0 0 0) (0 0 0 0 0) (0 0 0 0 0) (0 0 0 0 0)) ((0 0 0 0) (0 0 0 0) (0 0 0 0) (0 0 0 0) (0 0 1 1) (1 1 1 1))) 6 430 ((((0 0 0 0 0) (0 0 0 0 0) (0 0 0 0 0) (0 0 0 0 0) (0 0 0 0 0)) ((0 0 0 0) (0 0 0 0) (0 0 0 0) (0 0 0 0) (0 0 0 1) (1 1 1 1))) 5 440 ((((0 0 0 0 0) (0 0 0 0 0) (0 0 0 0 0) (0 0 0 0 0) (0 0 0 0 0)) ((0 0 0 0) (0 0 0 0) (0 0 0 0) (0 0 0 0) (0 0 0 0) (1 1 1 1))) 4 450 ((((0 0 0 0 0) (0 0 0 0 0) (0 0 0 0 0) (0 0 0 0 0) (0 0 0 0 0)) ((0 0 0 0) (0 0 0 0) (0 0 0 0) (0 0 0 0) (0 0 0 0) (0 1 1 1))) 3 460 ((((0 0 0 0 0) (0 0 0 0 0) (0 0 0 0 0) (0 0 0 0 0) (0 0 0 0 0)) ((0 0 0 0) (0 0 0 0) (0 0 0 0) (0 0 0 0) (0 0 0 0) (0 0 1 1))) 2 470 ((((0 0 0 0 0) (0 0 0 0 0) (0 0 0 0 0) (0 0 0 0 0) (0 0 0 0 0)) ((0 0 0 0) (0 0 0 0) (0 0 0 0) (0 0 0 0) (0 0 0 0) (0 0 0 1))) 1 480 ((((0 0 0 0 0) (0 0 0 0 0) (0 0 0 0 0) (0 0 0 0 0) (0 0 0 0 0)) ((0 0 0 0) (0 0 0 0) (0 0 0 0) (0 0 0 0) (0 0 0 0) (0 0 0 0))) 0 490 NIL)))))))))))))))))))))))))))))))))))))) 
Numero de nos gerados: 1146 
Numero de nos expandidos: 37 
Profundidade da solucao: 37 
Penetrancia: 0.03228621 
Fator Ramificacao Media: 1.1443288 
====================================================================================== 



====================================================================================== 
Representacao do nivel escolhido: (((0 0 0 1 0 0) (0 0 0 1 1 1) (1 1 1 1 1 0) (0 0 0 1 1 0) (0 0 0 1 1 0) (0 0 1 1 1 1) (0 0 1 1 1 1)) ((0 0 0 1 1 1) (0 1 0 0 1 1) (0 1 1 0 1 1) (0 0 1 1 0 0) (1 0 1 0 1 0) (0 0 1 1 0 0) (0 1 1 1 1 1))) 
Caixas a fechar do nivel escolhido: 20 
Algoritmo utilizado: ASTAR 
Heuristica utilizada: CALCULAR-HEURISTICA-PROPRIA-V2 
Tempo de execucao: 0.0s 
No solucao ((((0 0 0 1 0 0) (0 0 0 1 1 1) (1 1 1 1 1 1) (0 0 1 1 1 1) (0 0 1 1 1 1) (0 0 1 1 1 1) (0 0 1 1 1 1)) ((0 0 0 1 1 1) (0 1 0 0 1 1) (0 1 1 1 1 1) (1 1 1 1 1 1) (1 1 1 1 1 1) (0 1 1 1 1 1) (0 1 1 1 1 1))) 16 0 ((((0 0 0 1 0 0) (0 0 0 1 1 1) (1 1 1 1 1 1) (0 0 1 1 1 1) (0 0 1 1 1 1) (0 0 1 1 1 1) (0 0 1 1 1 1)) ((0 0 0 1 1 1) (0 1 0 0 1 1) (0 1 1 1 1 1) (1 0 1 1 1 1) (1 1 1 1 1 1) (0 1 1 1 1 1) (0 1 1 1 1 1))) 15 26 ((((0 0 0 1 0 0) (0 0 0 1 1 1) (1 1 1 1 1 1) (0 0 1 1 1 1) (0 0 1 1 1 1) (0 0 1 1 1 1) (0 0 1 1 1 1)) ((0 0 0 1 1 1) (0 1 0 0 1 1) (0 1 1 1 1 1) (1 0 1 1 1 1) (1 0 1 1 1 1) (0 1 1 1 1 1) (0 1 1 1 1 1))) 14 54 ((((0 0 0 1 0 0) (0 0 0 1 1 1) (1 1 1 1 1 1) (0 0 1 1 1 1) (0 0 1 1 1 1) (0 0 1 1 1 1) (0 0 1 1 1 1)) ((0 0 0 1 1 1) (0 1 0 0 1 1) (0 1 1 1 1 1) (1 0 1 1 1 1) (1 0 1 1 1 1) (0 0 1 1 1 1) (0 1 1 1 1 1))) 13 84 ((((0 0 0 1 0 0) (0 0 0 1 1 1) (1 1 1 1 1 0) (0 0 1 1 1 1) (0 0 1 1 1 1) (0 0 1 1 1 1) (0 0 1 1 1 1)) ((0 0 0 1 1 1) (0 1 0 0 1 1) (0 1 1 1 1 1) (1 0 1 1 1 1) (1 0 1 1 1 1) (0 0 1 1 1 1) (0 1 1 1 1 1))) 12 116 ((((0 0 0 1 0 0) (0 0 0 1 1 1) (1 1 1 1 1 0) (0 0 1 1 1 1) (0 0 1 1 1 1) (0 0 1 1 1 1) (0 0 1 1 1 1)) ((0 0 0 1 1 1) (0 1 0 0 1 1) (0 1 1 0 1 1) (1 0 1 1 1 1) (1 0 1 1 1 1) (0 0 1 1 1 1) (0 1 1 1 1 1))) 11 150 ((((0 0 0 1 0 0) (0 0 0 1 1 1) (1 1 1 1 1 0) (0 0 0 1 1 1) (0 0 1 1 1 1) (0 0 1 1 1 1) (0 0 1 1 1 1)) ((0 0 0 1 1 1) (0 1 0 0 1 1) (0 1 1 0 1 1) (1 0 1 1 1 1) (1 0 1 1 1 1) (0 0 1 1 1 1) (0 1 1 1 1 1))) 10 186 ((((0 0 0 1 0 0) (0 0 0 1 1 1) (1 1 1 1 1 0) (0 0 0 1 1 0) (0 0 1 1 1 1) (0 0 1 1 1 1) (0 0 1 1 1 1)) ((0 0 0 1 1 1) (0 1 0 0 1 1) (0 1 1 0 1 1) (1 0 1 1 1 1) (1 0 1 1 1 1) (0 0 1 1 1 1) (0 1 1 1 1 1))) 9 224 ((((0 0 0 1 0 0) (0 0 0 1 1 1) (1 1 1 1 1 0) (0 0 0 1 1 0) (0 0 0 1 1 1) (0 0 1 1 1 1) (0 0 1 1 1 1)) ((0 0 0 1 1 1) (0 1 0 0 1 1) (0 1 1 0 1 1) (1 0 1 1 1 1) (1 0 1 1 1 1) (0 0 1 1 1 1) (0 1 1 1 1 1))) 8 264 ((((0 0 0 1 0 0) (0 0 0 1 1 1) (1 1 1 1 1 0) (0 0 0 1 1 0) (0 0 0 1 1 0) (0 0 1 1 1 1) (0 0 1 1 1 1)) ((0 0 0 1 1 1) (0 1 0 0 1 1) (0 1 1 0 1 1) (1 0 1 1 1 1) (1 0 1 1 1 1) (0 0 1 1 1 1) (0 1 1 1 1 1))) 7 306 ((((0 0 0 1 0 0) (0 0 0 1 1 1) (1 1 1 1 1 0) (0 0 0 1 1 0) (0 0 0 1 1 0) (0 0 1 1 1 1) (0 0 1 1 1 1)) ((0 0 0 1 1 1) (0 1 0 0 1 1) (0 1 1 0 1 1) (0 0 1 1 1 1) (1 0 1 1 1 1) (0 0 1 1 1 1) (0 1 1 1 1 1))) 6 350 ((((0 0 0 1 0 0) (0 0 0 1 1 1) (1 1 1 1 1 0) (0 0 0 1 1 0) (0 0 0 1 1 0) (0 0 1 1 1 1) (0 0 1 1 1 1)) ((0 0 0 1 1 1) (0 1 0 0 1 1) (0 1 1 0 1 1) (0 0 1 1 0 1) (1 0 1 1 1 1) (0 0 1 1 1 1) (0 1 1 1 1 1))) 5 396 ((((0 0 0 1 0 0) (0 0 0 1 1 1) (1 1 1 1 1 0) (0 0 0 1 1 0) (0 0 0 1 1 0) (0 0 1 1 1 1) (0 0 1 1 1 1)) ((0 0 0 1 1 1) (0 1 0 0 1 1) (0 1 1 0 1 1) (0 0 1 1 0 0) (1 0 1 1 1 1) (0 0 1 1 1 1) (0 1 1 1 1 1))) 4 481 ((((0 0 0 1 0 0) (0 0 0 1 1 1) (1 1 1 1 1 0) (0 0 0 1 1 0) (0 0 0 1 1 0) (0 0 1 1 1 1) (0 0 1 1 1 1)) ((0 0 0 1 1 1) (0 1 0 0 1 1) (0 1 1 0 1 1) (0 0 1 1 0 0) (1 0 1 1 1 0) (0 0 1 1 1 1) (0 1 1 1 1 1))) 3 532 ((((0 0 0 1 0 0) (0 0 0 1 1 1) (1 1 1 1 1 0) (0 0 0 1 1 0) (0 0 0 1 1 0) (0 0 1 1 1 1) (0 0 1 1 1 1)) ((0 0 0 1 1 1) (0 1 0 0 1 1) (0 1 1 0 1 1) (0 0 1 1 0 0) (1 0 1 1 1 0) (0 0 1 1 0 1) (0 1 1 1 1 1))) 2 585 ((((0 0 0 1 0 0) (0 0 0 1 1 1) (1 1 1 1 1 0) (0 0 0 1 1 0) (0 0 0 1 1 0) (0 0 1 1 1 1) (0 0 1 1 1 1)) ((0 0 0 1 1 1) (0 1 0 0 1 1) (0 1 1 0 1 1) (0 0 1 1 0 0) (1 0 1 1 1 0) (0 0 1 1 0 0) (0 1 1 1 1 1))) 1 640 ((((0 0 0 1 0 0) (0 0 0 1 1 1) (1 1 1 1 1 0) (0 0 0 1 1 0) (0 0 0 1 1 0) (0 0 1 1 1 1) (0 0 1 1 1 1)) ((0 0 0 1 1 1) (0 1 0 0 1 1) (0 1 1 0 1 1) (0 0 1 1 0 0) (1 0 1 0 1 0) (0 0 1 1 0 0) (0 1 1 1 1 1))) 0 738 NIL))))))))))))))))) 
Numero de nos gerados: 535 
Numero de nos expandidos: 16 
Profundidade da solucao: 16 
Penetrancia: 0.029906543 
Fator Ramificacao Media: 1.363709 
====================================================================================== 



====================================================================================== 
Representacao do nivel escolhido: (((0 0 0 0 0 0 0) (0 0 0 0 0 0 0) (0 0 0 0 0 0 0) (0 0 0 0 0 0 0) (0 1 0 0 0 0 0) (0 1 0 0 0 0 0) (0 0 0 0 0 0 0) (0 0 0 0 0 0 0)) ((0 0 0 0 0 0 0) (0 0 0 0 1 0 0) (0 0 0 0 0 0 0) (0 0 0 0 0 0 0) (0 0 0 0 0 0 0) (0 0 0 0 0 0 0) (0 0 0 0 0 0 0) (0 0 0 0 0 0 0))) 
Caixas a fechar do nivel escolhido: 35 
Algoritmo utilizado: ASTAR 
Heuristica utilizada: CALCULAR-HEURISTICA-PROPRIA-V2 
Tempo de execucao: 0.391s 
No solucao ((((0 1 0 1 1 1 1) (0 1 0 1 1 1 1) (0 1 0 1 1 1 1) (0 1 0 1 1 1 1) (0 1 0 1 1 1 1) (0 1 0 1 1 1 1) (0 1 0 1 1 1 1) (0 1 0 1 1 1 1)) ((1 1 1 1 1 1 1) (1 1 1 1 1 1 1) (1 1 1 1 1 1 1) (1 1 1 1 1 1 1) (1 1 1 1 1 1 1) (1 1 1 1 1 1 1) (1 1 1 1 1 1 1) (1 1 1 1 1 1 1))) 93 0 ((((0 1 0 0 1 1 1) (0 1 0 1 1 1 1) (0 1 0 1 1 1 1) (0 1 0 1 1 1 1) (0 1 0 1 1 1 1) (0 1 0 1 1 1 1) (0 1 0 1 1 1 1) (0 1 0 1 1 1 1)) ((1 1 1 1 1 1 1) (1 1 1 1 1 1 1) (1 1 1 1 1 1 1) (1 1 1 1 1 1 1) (1 1 1 1 1 1 1) (1 1 1 1 1 1 1) (1 1 1 1 1 1 1) (1 1 1 1 1 1 1))) 92 17 ((((0 1 0 0 1 1 1) (0 1 0 0 1 1 1) (0 1 0 1 1 1 1) (0 1 0 1 1 1 1) (0 1 0 1 1 1 1) (0 1 0 1 1 1 1) (0 1 0 1 1 1 1) (0 1 0 1 1 1 1)) ((1 1 1 1 1 1 1) (1 1 1 1 1 1 1) (1 1 1 1 1 1 1) (1 1 1 1 1 1 1) (1 1 1 1 1 1 1) (1 1 1 1 1 1 1) (1 1 1 1 1 1 1) (1 1 1 1 1 1 1))) 91 36 ((((0 1 0 0 1 1 1) (0 1 0 0 1 1 1) (0 1 0 0 1 1 1) (0 1 0 1 1 1 1) (0 1 0 1 1 1 1) (0 1 0 1 1 1 1) (0 1 0 1 1 1 1) (0 1 0 1 1 1 1)) ((1 1 1 1 1 1 1) (1 1 1 1 1 1 1) (1 1 1 1 1 1 1) (1 1 1 1 1 1 1) (1 1 1 1 1 1 1) (1 1 1 1 1 1 1) (1 1 1 1 1 1 1) (1 1 1 1 1 1 1))) 90 57 ((((0 1 0 0 1 1 1) (0 1 0 0 1 1 1) (0 1 0 0 1 1 1) (0 1 0 0 1 1 1) (0 1 0 1 1 1 1) (0 1 0 1 1 1 1) (0 1 0 1 1 1 1) (0 1 0 1 1 1 1)) ((1 1 1 1 1 1 1) (1 1 1 1 1 1 1) (1 1 1 1 1 1 1) (1 1 1 1 1 1 1) (1 1 1 1 1 1 1) (1 1 1 1 1 1 1) (1 1 1 1 1 1 1) (1 1 1 1 1 1 1))) 89 80 ((((0 1 0 0 1 1 1) (0 1 0 0 1 1 1) (0 1 0 0 1 1 1) (0 1 0 0 1 1 1) (0 1 0 0 1 1 1) (0 1 0 1 1 1 1) (0 1 0 1 1 1 1) (0 1 0 1 1 1 1)) ((1 1 1 1 1 1 1) (1 1 1 1 1 1 1) (1 1 1 1 1 1 1) (1 1 1 1 1 1 1) (1 1 1 1 1 1 1) (1 1 1 1 1 1 1) (1 1 1 1 1 1 1) (1 1 1 1 1 1 1))) 88 105 ((((0 1 0 0 1 1 1) (0 1 0 0 1 1 1) (0 1 0 0 1 1 1) (0 1 0 0 1 1 1) (0 1 0 0 1 1 1) (0 1 0 0 1 1 1) (0 1 0 1 1 1 1) (0 1 0 1 1 1 1)) ((1 1 1 1 1 1 1) (1 1 1 1 1 1 1) (1 1 1 1 1 1 1) (1 1 1 1 1 1 1) (1 1 1 1 1 1 1) (1 1 1 1 1 1 1) (1 1 1 1 1 1 1) (1 1 1 1 1 1 1))) 87 132 ((((0 1 0 0 1 1 1) (0 1 0 0 1 1 1) (0 1 0 0 1 1 1) (0 1 0 0 1 1 1) (0 1 0 0 1 1 1) (0 1 0 0 1 1 1) (0 1 0 0 1 1 1) (0 1 0 1 1 1 1)) ((1 1 1 1 1 1 1) (1 1 1 1 1 1 1) (1 1 1 1 1 1 1) (1 1 1 1 1 1 1) (1 1 1 1 1 1 1) (1 1 1 1 1 1 1) (1 1 1 1 1 1 1) (1 1 1 1 1 1 1))) 86 161 ((((0 1 0 0 1 1 1) (0 1 0 0 1 1 1) (0 1 0 0 1 1 1) (0 1 0 0 1 1 1) (0 1 0 0 1 1 1) (0 1 0 0 1 1 1) (0 1 0 0 1 1 1) (0 1 0 0 1 1 1)) ((1 1 1 1 1 1 1) (1 1 1 1 1 1 1) (1 1 1 1 1 1 1) (1 1 1 1 1 1 1) (1 1 1 1 1 1 1) (1 1 1 1 1 1 1) (1 1 1 1 1 1 1) (1 1 1 1 1 1 1))) 85 168 ((((0 1 0 0 0 1 1) (0 1 0 0 1 1 1) (0 1 0 0 1 1 1) (0 1 0 0 1 1 1) (0 1 0 0 1 1 1) (0 1 0 0 1 1 1) (0 1 0 0 1 1 1) (0 1 0 0 1 1 1)) ((1 1 1 1 1 1 1) (1 1 1 1 1 1 1) (1 1 1 1 1 1 1) (1 1 1 1 1 1 1) (1 1 1 1 1 1 1) (1 1 1 1 1 1 1) (1 1 1 1 1 1 1) (1 1 1 1 1 1 1))) 84 200 ((((0 1 0 0 0 1 1) (0 1 0 0 0 1 1) (0 1 0 0 1 1 1) (0 1 0 0 1 1 1) (0 1 0 0 1 1 1) (0 1 0 0 1 1 1) (0 1 0 0 1 1 1) (0 1 0 0 1 1 1)) ((1 1 1 1 1 1 1) (1 1 1 1 1 1 1) (1 1 1 1 1 1 1) (1 1 1 1 1 1 1) (1 1 1 1 1 1 1) (1 1 1 1 1 1 1) (1 1 1 1 1 1 1) (1 1 1 1 1 1 1))) 83 234 ((((0 1 0 0 0 1 1) (0 1 0 0 0 1 1) (0 1 0 0 0 1 1) (0 1 0 0 1 1 1) (0 1 0 0 1 1 1) (0 1 0 0 1 1 1) (0 1 0 0 1 1 1) (0 1 0 0 1 1 1)) ((1 1 1 1 1 1 1) (1 1 1 1 1 1 1) (1 1 1 1 1 1 1) (1 1 1 1 1 1 1) (1 1 1 1 1 1 1) (1 1 1 1 1 1 1) (1 1 1 1 1 1 1) (1 1 1 1 1 1 1))) 82 270 ((((0 1 0 0 0 1 1) (0 1 0 0 0 1 1) (0 1 0 0 0 1 1) (0 1 0 0 0 1 1) (0 1 0 0 1 1 1) (0 1 0 0 1 1 1) (0 1 0 0 1 1 1) (0 1 0 0 1 1 1)) ((1 1 1 1 1 1 1) (1 1 1 1 1 1 1) (1 1 1 1 1 1 1) (1 1 1 1 1 1 1) (1 1 1 1 1 1 1) (1 1 1 1 1 1 1) (1 1 1 1 1 1 1) (1 1 1 1 1 1 1))) 81 308 ((((0 1 0 0 0 1 1) (0 1 0 0 0 1 1) (0 1 0 0 0 1 1) (0 1 0 0 0 1 1) (0 1 0 0 0 1 1) (0 1 0 0 1 1 1) (0 1 0 0 1 1 1) (0 1 0 0 1 1 1)) ((1 1 1 1 1 1 1) (1 1 1 1 1 1 1) (1 1 1 1 1 1 1) (1 1 1 1 1 1 1) (1 1 1 1 1 1 1) (1 1 1 1 1 1 1) (1 1 1 1 1 1 1) (1 1 1 1 1 1 1))) 80 348 ((((0 1 0 0 0 1 1) (0 1 0 0 0 1 1) (0 1 0 0 0 1 1) (0 1 0 0 0 1 1) (0 1 0 0 0 1 1) (0 1 0 0 0 1 1) (0 1 0 0 1 1 1) (0 1 0 0 1 1 1)) ((1 1 1 1 1 1 1) (1 1 1 1 1 1 1) (1 1 1 1 1 1 1) (1 1 1 1 1 1 1) (1 1 1 1 1 1 1) (1 1 1 1 1 1 1) (1 1 1 1 1 1 1) (1 1 1 1 1 1 1))) 79 390 ((((0 1 0 0 0 1 1) (0 1 0 0 0 1 1) (0 1 0 0 0 1 1) (0 1 0 0 0 1 1) (0 1 0 0 0 1 1) (0 1 0 0 0 1 1) (0 1 0 0 0 1 1) (0 1 0 0 1 1 1)) ((1 1 1 1 1 1 1) (1 1 1 1 1 1 1) (1 1 1 1 1 1 1) (1 1 1 1 1 1 1) (1 1 1 1 1 1 1) (1 1 1 1 1 1 1) (1 1 1 1 1 1 1) (1 1 1 1 1 1 1))) 78 434 ((((0 1 0 0 0 1 1) (0 1 0 0 0 1 1) (0 1 0 0 0 1 1) (0 1 0 0 0 1 1) (0 1 0 0 0 1 1) (0 1 0 0 0 1 1) (0 1 0 0 0 1 1) (0 1 0 0 0 1 1)) ((1 1 1 1 1 1 1) (1 1 1 1 1 1 1) (1 1 1 1 1 1 1) (1 1 1 1 1 1 1) (1 1 1 1 1 1 1) (1 1 1 1 1 1 1) (1 1 1 1 1 1 1) (1 1 1 1 1 1 1))) 77 448 ((((0 1 0 0 0 0 1) (0 1 0 0 0 1 1) (0 1 0 0 0 1 1) (0 1 0 0 0 1 1) (0 1 0 0 0 1 1) (0 1 0 0 0 1 1) (0 1 0 0 0 1 1) (0 1 0 0 0 1 1)) ((1 1 1 1 1 1 1) (1 1 1 1 1 1 1) (1 1 1 1 1 1 1) (1 1 1 1 1 1 1) (1 1 1 1 1 1 1) (1 1 1 1 1 1 1) (1 1 1 1 1 1 1) (1 1 1 1 1 1 1))) 76 495 ((((0 1 0 0 0 0 1) (0 1 0 0 0 0 1) (0 1 0 0 0 1 1) (0 1 0 0 0 1 1) (0 1 0 0 0 1 1) (0 1 0 0 0 1 1) (0 1 0 0 0 1 1) (0 1 0 0 0 1 1)) ((1 1 1 1 1 1 1) (1 1 1 1 1 1 1) (1 1 1 1 1 1 1) (1 1 1 1 1 1 1) (1 1 1 1 1 1 1) (1 1 1 1 1 1 1) (1 1 1 1 1 1 1) (1 1 1 1 1 1 1))) 75 544 ((((0 1 0 0 0 0 1) (0 1 0 0 0 0 1) (0 1 0 0 0 0 1) (0 1 0 0 0 1 1) (0 1 0 0 0 1 1) (0 1 0 0 0 1 1) (0 1 0 0 0 1 1) (0 1 0 0 0 1 1)) ((1 1 1 1 1 1 1) (1 1 1 1 1 1 1) (1 1 1 1 1 1 1) (1 1 1 1 1 1 1) (1 1 1 1 1 1 1) (1 1 1 1 1 1 1) (1 1 1 1 1 1 1) (1 1 1 1 1 1 1))) 74 595 ((((0 1 0 0 0 0 1) (0 1 0 0 0 0 1) (0 1 0 0 0 0 1) (0 1 0 0 0 0 1) (0 1 0 0 0 1 1) (0 1 0 0 0 1 1) (0 1 0 0 0 1 1) (0 1 0 0 0 1 1)) ((1 1 1 1 1 1 1) (1 1 1 1 1 1 1) (1 1 1 1 1 1 1) (1 1 1 1 1 1 1) (1 1 1 1 1 1 1) (1 1 1 1 1 1 1) (1 1 1 1 1 1 1) (1 1 1 1 1 1 1))) 73 648 ((((0 1 0 0 0 0 1) (0 1 0 0 0 0 1) (0 1 0 0 0 0 1) (0 1 0 0 0 0 1) (0 1 0 0 0 0 1) (0 1 0 0 0 1 1) (0 1 0 0 0 1 1) (0 1 0 0 0 1 1)) ((1 1 1 1 1 1 1) (1 1 1 1 1 1 1) (1 1 1 1 1 1 1) (1 1 1 1 1 1 1) (1 1 1 1 1 1 1) (1 1 1 1 1 1 1) (1 1 1 1 1 1 1) (1 1 1 1 1 1 1))) 72 703 ((((0 1 0 0 0 0 1) (0 1 0 0 0 0 1) (0 1 0 0 0 0 1) (0 1 0 0 0 0 1) (0 1 0 0 0 0 1) (0 1 0 0 0 0 1) (0 1 0 0 0 1 1) (0 1 0 0 0 1 1)) ((1 1 1 1 1 1 1) (1 1 1 1 1 1 1) (1 1 1 1 1 1 1) (1 1 1 1 1 1 1) (1 1 1 1 1 1 1) (1 1 1 1 1 1 1) (1 1 1 1 1 1 1) (1 1 1 1 1 1 1))) 71 760 ((((0 1 0 0 0 0 1) (0 1 0 0 0 0 1) (0 1 0 0 0 0 1) (0 1 0 0 0 0 1) (0 1 0 0 0 0 1) (0 1 0 0 0 0 1) (0 1 0 0 0 0 1) (0 1 0 0 0 1 1)) ((1 1 1 1 1 1 1) (1 1 1 1 1 1 1) (1 1 1 1 1 1 1) (1 1 1 1 1 1 1) (1 1 1 1 1 1 1) (1 1 1 1 1 1 1) (1 1 1 1 1 1 1) (1 1 1 1 1 1 1))) 70 819 ((((0 1 0 0 0 0 1) (0 1 0 0 0 0 1) (0 1 0 0 0 0 1) (0 1 0 0 0 0 1) (0 1 0 0 0 0 1) (0 1 0 0 0 0 1) (0 1 0 0 0 0 1) (0 1 0 0 0 0 1)) ((1 1 1 1 1 1 1) (1 1 1 1 1 1 1) (1 1 1 1 1 1 1) (1 1 1 1 1 1 1) (1 1 1 1 1 1 1) (1 1 1 1 1 1 1) (1 1 1 1 1 1 1) (1 1 1 1 1 1 1))) 69 840 ((((0 1 0 0 0 0 0) (0 1 0 0 0 0 1) (0 1 0 0 0 0 1) (0 1 0 0 0 0 1) (0 1 0 0 0 0 1) (0 1 0 0 0 0 1) (0 1 0 0 0 0 1) (0 1 0 0 0 0 1)) ((1 1 1 1 1 1 1) (1 1 1 1 1 1 1) (1 1 1 1 1 1 1) (1 1 1 1 1 1 1) (1 1 1 1 1 1 1) (1 1 1 1 1 1 1) (1 1 1 1 1 1 1) (1 1 1 1 1 1 1))) 68 902 ((((0 1 0 0 0 0 0) (0 1 0 0 0 0 0) (0 1 0 0 0 0 1) (0 1 0 0 0 0 1) (0 1 0 0 0 0 1) (0 1 0 0 0 0 1) (0 1 0 0 0 0 1) (0 1 0 0 0 0 1)) ((1 1 1 1 1 1 1) (1 1 1 1 1 1 1) (1 1 1 1 1 1 1) (1 1 1 1 1 1 1) (1 1 1 1 1 1 1) (1 1 1 1 1 1 1) (1 1 1 1 1 1 1) (1 1 1 1 1 1 1))) 67 966 ((((0 1 0 0 0 0 0) (0 1 0 0 0 0 0) (0 1 0 0 0 0 0) (0 1 0 0 0 0 1) (0 1 0 0 0 0 1) (0 1 0 0 0 0 1) (0 1 0 0 0 0 1) (0 1 0 0 0 0 1)) ((1 1 1 1 1 1 1) (1 1 1 1 1 1 1) (1 1 1 1 1 1 1) (1 1 1 1 1 1 1) (1 1 1 1 1 1 1) (1 1 1 1 1 1 1) (1 1 1 1 1 1 1) (1 1 1 1 1 1 1))) 66 1032 ((((0 1 0 0 0 0 0) (0 1 0 0 0 0 0) (0 1 0 0 0 0 0) (0 1 0 0 0 0 0) (0 1 0 0 0 0 1) (0 1 0 0 0 0 1) (0 1 0 0 0 0 1) (0 1 0 0 0 0 1)) ((1 1 1 1 1 1 1) (1 1 1 1 1 1 1) (1 1 1 1 1 1 1) (1 1 1 1 1 1 1) (1 1 1 1 1 1 1) (1 1 1 1 1 1 1) (1 1 1 1 1 1 1) (1 1 1 1 1 1 1))) 65 1100 ((((0 1 0 0 0 0 0) (0 1 0 0 0 0 0) (0 1 0 0 0 0 0) (0 1 0 0 0 0 0) (0 1 0 0 0 0 0) (0 1 0 0 0 0 1) (0 1 0 0 0 0 1) (0 1 0 0 0 0 1)) ((1 1 1 1 1 1 1) (1 1 1 1 1 1 1) (1 1 1 1 1 1 1) (1 1 1 1 1 1 1) (1 1 1 1 1 1 1) (1 1 1 1 1 1 1) (1 1 1 1 1 1 1) (1 1 1 1 1 1 1))) 64 1170 ((((0 1 0 0 0 0 0) (0 1 0 0 0 0 0) (0 1 0 0 0 0 0) (0 1 0 0 0 0 0) (0 1 0 0 0 0 0) (0 1 0 0 0 0 0) (0 1 0 0 0 0 1) (0 1 0 0 0 0 1)) ((1 1 1 1 1 1 1) (1 1 1 1 1 1 1) (1 1 1 1 1 1 1) (1 1 1 1 1 1 1) (1 1 1 1 1 1 1) (1 1 1 1 1 1 1) (1 1 1 1 1 1 1) (1 1 1 1 1 1 1))) 63 1242 ((((0 1 0 0 0 0 0) (0 1 0 0 0 0 0) (0 1 0 0 0 0 0) (0 1 0 0 0 0 0) (0 1 0 0 0 0 0) (0 1 0 0 0 0 0) (0 1 0 0 0 0 0) (0 1 0 0 0 0 1)) ((1 1 1 1 1 1 1) (1 1 1 1 1 1 1) (1 1 1 1 1 1 1) (1 1 1 1 1 1 1) (1 1 1 1 1 1 1) (1 1 1 1 1 1 1) (1 1 1 1 1 1 1) (1 1 1 1 1 1 1))) 62 1316 ((((0 1 0 0 0 0 0) (0 1 0 0 0 0 0) (0 1 0 0 0 0 0) (0 1 0 0 0 0 0) (0 1 0 0 0 0 0) (0 1 0 0 0 0 0) (0 1 0 0 0 0 0) (0 1 0 0 0 0 0)) ((1 1 1 1 1 1 1) (1 1 1 1 1 1 1) (1 1 1 1 1 1 1) (1 1 1 1 1 1 1) (1 1 1 1 1 1 1) (1 1 1 1 1 1 1) (1 1 1 1 1 1 1) (1 1 1 1 1 1 1))) 61 1344 ((((0 1 0 0 0 0 0) (0 1 0 0 0 0 0) (0 1 0 0 0 0 0) (0 1 0 0 0 0 0) (0 1 0 0 0 0 0) (0 1 0 0 0 0 0) (0 1 0 0 0 0 0) (0 1 0 0 0 0 0)) ((0 1 1 1 1 1 1) (1 1 1 1 1 1 1) (1 1 1 1 1 1 1) (1 1 1 1 1 1 1) (1 1 1 1 1 1 1) (1 1 1 1 1 1 1) (1 1 1 1 1 1 1) (1 1 1 1 1 1 1))) 60 1372 ((((0 1 0 0 0 0 0) (0 1 0 0 0 0 0) (0 1 0 0 0 0 0) (0 1 0 0 0 0 0) (0 1 0 0 0 0 0) (0 1 0 0 0 0 0) (0 1 0 0 0 0 0) (0 1 0 0 0 0 0)) ((0 0 1 1 1 1 1) (1 1 1 1 1 1 1) (1 1 1 1 1 1 1) (1 1 1 1 1 1 1) (1 1 1 1 1 1 1) (1 1 1 1 1 1 1) (1 1 1 1 1 1 1) (1 1 1 1 1 1 1))) 59 1400 ((((0 1 0 0 0 0 0) (0 1 0 0 0 0 0) (0 1 0 0 0 0 0) (0 1 0 0 0 0 0) (0 1 0 0 0 0 0) (0 1 0 0 0 0 0) (0 1 0 0 0 0 0) (0 1 0 0 0 0 0)) ((0 0 0 1 1 1 1) (1 1 1 1 1 1 1) (1 1 1 1 1 1 1) (1 1 1 1 1 1 1) (1 1 1 1 1 1 1) (1 1 1 1 1 1 1) (1 1 1 1 1 1 1) (1 1 1 1 1 1 1))) 58 1428 ((((0 1 0 0 0 0 0) (0 1 0 0 0 0 0) (0 1 0 0 0 0 0) (0 1 0 0 0 0 0) (0 1 0 0 0 0 0) (0 1 0 0 0 0 0) (0 1 0 0 0 0 0) (0 1 0 0 0 0 0)) ((0 0 0 0 1 1 1) (1 1 1 1 1 1 1) (1 1 1 1 1 1 1) (1 1 1 1 1 1 1) (1 1 1 1 1 1 1) (1 1 1 1 1 1 1) (1 1 1 1 1 1 1) (1 1 1 1 1 1 1))) 57 1456 ((((0 1 0 0 0 0 0) (0 1 0 0 0 0 0) (0 1 0 0 0 0 0) (0 1 0 0 0 0 0) (0 1 0 0 0 0 0) (0 1 0 0 0 0 0) (0 1 0 0 0 0 0) (0 1 0 0 0 0 0)) ((0 0 0 0 0 1 1) (1 1 1 1 1 1 1) (1 1 1 1 1 1 1) (1 1 1 1 1 1 1) (1 1 1 1 1 1 1) (1 1 1 1 1 1 1) (1 1 1 1 1 1 1) (1 1 1 1 1 1 1))) 56 1484 ((((0 1 0 0 0 0 0) (0 1 0 0 0 0 0) (0 1 0 0 0 0 0) (0 1 0 0 0 0 0) (0 1 0 0 0 0 0) (0 1 0 0 0 0 0) (0 1 0 0 0 0 0) (0 1 0 0 0 0 0)) ((0 0 0 0 0 0 1) (1 1 1 1 1 1 1) (1 1 1 1 1 1 1) (1 1 1 1 1 1 1) (1 1 1 1 1 1 1) (1 1 1 1 1 1 1) (1 1 1 1 1 1 1) (1 1 1 1 1 1 1))) 55 1512 ((((0 1 0 0 0 0 0) (0 1 0 0 0 0 0) (0 1 0 0 0 0 0) (0 1 0 0 0 0 0) (0 1 0 0 0 0 0) (0 1 0 0 0 0 0) (0 1 0 0 0 0 0) (0 1 0 0 0 0 0)) ((0 0 0 0 0 0 0) (1 1 1 1 1 1 1) (1 1 1 1 1 1 1) (1 1 1 1 1 1 1) (1 1 1 1 1 1 1) (1 1 1 1 1 1 1) (1 1 1 1 1 1 1) (1 1 1 1 1 1 1))) 54 1540 ((((0 0 0 0 0 0 0) (0 1 0 0 0 0 0) (0 1 0 0 0 0 0) (0 1 0 0 0 0 0) (0 1 0 0 0 0 0) (0 1 0 0 0 0 0) (0 1 0 0 0 0 0) (0 1 0 0 0 0 0)) ((0 0 0 0 0 0 0) (1 1 1 1 1 1 1) (1 1 1 1 1 1 1) (1 1 1 1 1 1 1) (1 1 1 1 1 1 1) (1 1 1 1 1 1 1) (1 1 1 1 1 1 1) (1 1 1 1 1 1 1))) 53 1624 ((((0 0 0 0 0 0 0) (0 1 0 0 0 0 0) (0 1 0 0 0 0 0) (0 1 0 0 0 0 0) (0 1 0 0 0 0 0) (0 1 0 0 0 0 0) (0 1 0 0 0 0 0) (0 1 0 0 0 0 0)) ((0 0 0 0 0 0 0) (0 1 1 1 1 1 1) (1 1 1 1 1 1 1) (1 1 1 1 1 1 1) (1 1 1 1 1 1 1) (1 1 1 1 1 1 1) (1 1 1 1 1 1 1) (1 1 1 1 1 1 1))) 52 1653 ((((0 0 0 0 0 0 0) (0 0 0 0 0 0 0) (0 1 0 0 0 0 0) (0 1 0 0 0 0 0) (0 1 0 0 0 0 0) (0 1 0 0 0 0 0) (0 1 0 0 0 0 0) (0 1 0 0 0 0 0)) ((0 0 0 0 0 0 0) (0 1 1 1 1 1 1) (1 1 1 1 1 1 1) (1 1 1 1 1 1 1) (1 1 1 1 1 1 1) (1 1 1 1 1 1 1) (1 1 1 1 1 1 1) (1 1 1 1 1 1 1))) 51 1740 ((((0 0 0 0 0 0 0) (0 0 0 0 0 0 0) (0 1 0 0 0 0 0) (0 1 0 0 0 0 0) (0 1 0 0 0 0 0) (0 1 0 0 0 0 0) (0 1 0 0 0 0 0) (0 1 0 0 0 0 0)) ((0 0 0 0 0 0 0) (0 0 1 1 1 1 1) (1 1 1 1 1 1 1) (1 1 1 1 1 1 1) (1 1 1 1 1 1 1) (1 1 1 1 1 1 1) (1 1 1 1 1 1 1) (1 1 1 1 1 1 1))) 50 1770 ((((0 0 0 0 0 0 0) (0 0 0 0 0 0 0) (0 0 0 0 0 0 0) (0 1 0 0 0 0 0) (0 1 0 0 0 0 0) (0 1 0 0 0 0 0) (0 1 0 0 0 0 0) (0 1 0 0 0 0 0)) ((0 0 0 0 0 0 0) (0 0 1 1 1 1 1) (1 1 1 1 1 1 1) (1 1 1 1 1 1 1) (1 1 1 1 1 1 1) (1 1 1 1 1 1 1) (1 1 1 1 1 1 1) (1 1 1 1 1 1 1))) 49 1860 ((((0 0 0 0 0 0 0) (0 0 0 0 0 0 0) (0 0 0 0 0 0 0) (0 1 0 0 0 0 0) (0 1 0 0 0 0 0) (0 1 0 0 0 0 0) (0 1 0 0 0 0 0) (0 1 0 0 0 0 0)) ((0 0 0 0 0 0 0) (0 0 0 1 1 1 1) (1 1 1 1 1 1 1) (1 1 1 1 1 1 1) (1 1 1 1 1 1 1) (1 1 1 1 1 1 1) (1 1 1 1 1 1 1) (1 1 1 1 1 1 1))) 48 1891 ((((0 0 0 0 0 0 0) (0 0 0 0 0 0 0) (0 0 0 0 0 0 0) (0 0 0 0 0 0 0) (0 1 0 0 0 0 0) (0 1 0 0 0 0 0) (0 1 0 0 0 0 0) (0 1 0 0 0 0 0)) ((0 0 0 0 0 0 0) (0 0 0 1 1 1 1) (1 1 1 1 1 1 1) (1 1 1 1 1 1 1) (1 1 1 1 1 1 1) (1 1 1 1 1 1 1) (1 1 1 1 1 1 1) (1 1 1 1 1 1 1))) 47 1984 ((((0 0 0 0 0 0 0) (0 0 0 0 0 0 0) (0 0 0 0 0 0 0) (0 0 0 0 0 0 0) (0 1 0 0 0 0 0) (0 1 0 0 0 0 0) (0 1 0 0 0 0 0) (0 1 0 0 0 0 0)) ((0 0 0 0 0 0 0) (0 0 0 0 1 1 1) (1 1 1 1 1 1 1) (1 1 1 1 1 1 1) (1 1 1 1 1 1 1) (1 1 1 1 1 1 1) (1 1 1 1 1 1 1) (1 1 1 1 1 1 1))) 46 2016 ((((0 0 0 0 0 0 0) (0 0 0 0 0 0 0) (0 0 0 0 0 0 0) (0 0 0 0 0 0 0) (0 1 0 0 0 0 0) (0 1 0 0 0 0 0) (0 1 0 0 0 0 0) (0 0 0 0 0 0 0)) ((0 0 0 0 0 0 0) (0 0 0 0 1 1 1) (1 1 1 1 1 1 1) (1 1 1 1 1 1 1) (1 1 1 1 1 1 1) (1 1 1 1 1 1 1) (1 1 1 1 1 1 1) (1 1 1 1 1 1 1))) 45 2112 ((((0 0 0 0 0 0 0) (0 0 0 0 0 0 0) (0 0 0 0 0 0 0) (0 0 0 0 0 0 0) (0 1 0 0 0 0 0) (0 1 0 0 0 0 0) (0 0 0 0 0 0 0) (0 0 0 0 0 0 0)) ((0 0 0 0 0 0 0) (0 0 0 0 1 1 1) (1 1 1 1 1 1 1) (1 1 1 1 1 1 1) (1 1 1 1 1 1 1) (1 1 1 1 1 1 1) (1 1 1 1 1 1 1) (1 1 1 1 1 1 1))) 44 2210 ((((0 0 0 0 0 0 0) (0 0 0 0 0 0 0) (0 0 0 0 0 0 0) (0 0 0 0 0 0 0) (0 1 0 0 0 0 0) (0 1 0 0 0 0 0) (0 0 0 0 0 0 0) (0 0 0 0 0 0 0)) ((0 0 0 0 0 0 0) (0 0 0 0 1 0 1) (1 1 1 1 1 1 1) (1 1 1 1 1 1 1) (1 1 1 1 1 1 1) (1 1 1 1 1 1 1) (1 1 1 1 1 1 1) (1 1 1 1 1 1 1))) 43 2244 ((((0 0 0 0 0 0 0) (0 0 0 0 0 0 0) (0 0 0 0 0 0 0) (0 0 0 0 0 0 0) (0 1 0 0 0 0 0) (0 1 0 0 0 0 0) (0 0 0 0 0 0 0) (0 0 0 0 0 0 0)) ((0 0 0 0 0 0 0) (0 0 0 0 1 0 0) (1 1 1 1 1 1 1) (1 1 1 1 1 1 1) (1 1 1 1 1 1 1) (1 1 1 1 1 1 1) (1 1 1 1 1 1 1) (1 1 1 1 1 1 1))) 42 2278 ((((0 0 0 0 0 0 0) (0 0 0 0 0 0 0) (0 0 0 0 0 0 0) (0 0 0 0 0 0 0) (0 1 0 0 0 0 0) (0 1 0 0 0 0 0) (0 0 0 0 0 0 0) (0 0 0 0 0 0 0)) ((0 0 0 0 0 0 0) (0 0 0 0 1 0 0) (0 1 1 1 1 1 1) (1 1 1 1 1 1 1) (1 1 1 1 1 1 1) (1 1 1 1 1 1 1) (1 1 1 1 1 1 1) (1 1 1 1 1 1 1))) 41 2312 ((((0 0 0 0 0 0 0) (0 0 0 0 0 0 0) (0 0 0 0 0 0 0) (0 0 0 0 0 0 0) (0 1 0 0 0 0 0) (0 1 0 0 0 0 0) (0 0 0 0 0 0 0) (0 0 0 0 0 0 0)) ((0 0 0 0 0 0 0) (0 0 0 0 1 0 0) (0 0 1 1 1 1 1) (1 1 1 1 1 1 1) (1 1 1 1 1 1 1) (1 1 1 1 1 1 1) (1 1 1 1 1 1 1) (1 1 1 1 1 1 1))) 40 2346 ((((0 0 0 0 0 0 0) (0 0 0 0 0 0 0) (0 0 0 0 0 0 0) (0 0 0 0 0 0 0) (0 1 0 0 0 0 0) (0 1 0 0 0 0 0) (0 0 0 0 0 0 0) (0 0 0 0 0 0 0)) ((0 0 0 0 0 0 0) (0 0 0 0 1 0 0) (0 0 0 1 1 1 1) (1 1 1 1 1 1 1) (1 1 1 1 1 1 1) (1 1 1 1 1 1 1) (1 1 1 1 1 1 1) (1 1 1 1 1 1 1))) 39 2380 ((((0 0 0 0 0 0 0) (0 0 0 0 0 0 0) (0 0 0 0 0 0 0) (0 0 0 0 0 0 0) (0 1 0 0 0 0 0) (0 1 0 0 0 0 0) (0 0 0 0 0 0 0) (0 0 0 0 0 0 0)) ((0 0 0 0 0 0 0) (0 0 0 0 1 0 0) (0 0 0 0 1 1 1) (1 1 1 1 1 1 1) (1 1 1 1 1 1 1) (1 1 1 1 1 1 1) (1 1 1 1 1 1 1) (1 1 1 1 1 1 1))) 38 2414 ((((0 0 0 0 0 0 0) (0 0 0 0 0 0 0) (0 0 0 0 0 0 0) (0 0 0 0 0 0 0) (0 1 0 0 0 0 0) (0 1 0 0 0 0 0) (0 0 0 0 0 0 0) (0 0 0 0 0 0 0)) ((0 0 0 0 0 0 0) (0 0 0 0 1 0 0) (0 0 0 0 1 0 1) (1 1 1 1 1 1 1) (1 1 1 1 1 1 1) (1 1 1 1 1 1 1) (1 1 1 1 1 1 1) (1 1 1 1 1 1 1))) 37 2448 ((((0 0 0 0 0 0 0) (0 0 0 0 0 0 0) (0 0 0 0 0 0 0) (0 0 0 0 0 0 0) (0 1 0 0 0 0 0) (0 1 0 0 0 0 0) (0 0 0 0 0 0 0) (0 0 0 0 0 0 0)) ((0 0 0 0 0 0 0) (0 0 0 0 1 0 0) (0 0 0 0 1 0 0) (1 1 1 1 1 1 1) (1 1 1 1 1 1 1) (1 1 1 1 1 1 1) (1 1 1 1 1 1 1) (1 1 1 1 1 1 1))) 36 2482 ((((0 0 0 0 0 0 0) (0 0 0 0 0 0 0) (0 0 0 0 0 0 0) (0 0 0 0 0 0 0) (0 1 0 0 0 0 0) (0 1 0 0 0 0 0) (0 0 0 0 0 0 0) (0 0 0 0 0 0 0)) ((0 0 0 0 0 0 0) (0 0 0 0 1 0 0) (0 0 0 0 1 0 0) (0 1 1 1 1 1 1) (1 1 1 1 1 1 1) (1 1 1 1 1 1 1) (1 1 1 1 1 1 1) (1 1 1 1 1 1 1))) 35 2516 ((((0 0 0 0 0 0 0) (0 0 0 0 0 0 0) (0 0 0 0 0 0 0) (0 0 0 0 0 0 0) (0 1 0 0 0 0 0) (0 1 0 0 0 0 0) (0 0 0 0 0 0 0) (0 0 0 0 0 0 0)) ((0 0 0 0 0 0 0) (0 0 0 0 1 0 0) (0 0 0 0 1 0 0) (0 0 1 1 1 1 1) (1 1 1 1 1 1 1) (1 1 1 1 1 1 1) (1 1 1 1 1 1 1) (1 1 1 1 1 1 1))) 34 2550 ((((0 0 0 0 0 0 0) (0 0 0 0 0 0 0) (0 0 0 0 0 0 0) (0 0 0 0 0 0 0) (0 1 0 0 0 0 0) (0 1 0 0 0 0 0) (0 0 0 0 0 0 0) (0 0 0 0 0 0 0)) ((0 0 0 0 0 0 0) (0 0 0 0 1 0 0) (0 0 0 0 1 0 0) (0 0 0 1 1 1 1) (1 1 1 1 1 1 1) (1 1 1 1 1 1 1) (1 1 1 1 1 1 1) (1 1 1 1 1 1 1))) 33 2584 ((((0 0 0 0 0 0 0) (0 0 0 0 0 0 0) (0 0 0 0 0 0 0) (0 0 0 0 0 0 0) (0 1 0 0 0 0 0) (0 1 0 0 0 0 0) (0 0 0 0 0 0 0) (0 0 0 0 0 0 0)) ((0 0 0 0 0 0 0) (0 0 0 0 1 0 0) (0 0 0 0 1 0 0) (0 0 0 0 1 1 1) (1 1 1 1 1 1 1) (1 1 1 1 1 1 1) (1 1 1 1 1 1 1) (1 1 1 1 1 1 1))) 32 2618 ((((0 0 0 0 0 0 0) (0 0 0 0 0 0 0) (0 0 0 0 0 0 0) (0 0 0 0 0 0 0) (0 1 0 0 0 0 0) (0 1 0 0 0 0 0) (0 0 0 0 0 0 0) (0 0 0 0 0 0 0)) ((0 0 0 0 0 0 0) (0 0 0 0 1 0 0) (0 0 0 0 1 0 0) (0 0 0 0 0 1 1) (1 1 1 1 1 1 1) (1 1 1 1 1 1 1) (1 1 1 1 1 1 1) (1 1 1 1 1 1 1))) 31 2652 ((((0 0 0 0 0 0 0) (0 0 0 0 0 0 0) (0 0 0 0 0 0 0) (0 0 0 0 0 0 0) (0 1 0 0 0 0 0) (0 1 0 0 0 0 0) (0 0 0 0 0 0 0) (0 0 0 0 0 0 0)) ((0 0 0 0 0 0 0) (0 0 0 0 1 0 0) (0 0 0 0 1 0 0) (0 0 0 0 0 0 1) (1 1 1 1 1 1 1) (1 1 1 1 1 1 1) (1 1 1 1 1 1 1) (1 1 1 1 1 1 1))) 30 2686 ((((0 0 0 0 0 0 0) (0 0 0 0 0 0 0) (0 0 0 0 0 0 0) (0 0 0 0 0 0 0) (0 1 0 0 0 0 0) (0 1 0 0 0 0 0) (0 0 0 0 0 0 0) (0 0 0 0 0 0 0)) ((0 0 0 0 0 0 0) (0 0 0 0 1 0 0) (0 0 0 0 1 0 0) (0 0 0 0 0 0 0) (1 1 1 1 1 1 1) (1 1 1 1 1 1 1) (1 1 1 1 1 1 1) (1 1 1 1 1 1 1))) 29 2720 ((((0 0 0 0 0 0 0) (0 0 0 0 0 0 0) (0 0 0 0 0 0 0) (0 0 0 0 0 0 0) (0 1 0 0 0 0 0) (0 1 0 0 0 0 0) (0 0 0 0 0 0 0) (0 0 0 0 0 0 0)) ((0 0 0 0 0 0 0) (0 0 0 0 1 0 0) (0 0 0 0 1 0 0) (0 0 0 0 0 0 0) (0 1 1 1 1 1 1) (1 1 1 1 1 1 1) (1 1 1 1 1 1 1) (1 1 1 1 1 1 1))) 28 2754 ((((0 0 0 0 0 0 0) (0 0 0 0 0 0 0) (0 0 0 0 0 0 0) (0 0 0 0 0 0 0) (0 1 0 0 0 0 0) (0 1 0 0 0 0 0) (0 0 0 0 0 0 0) (0 0 0 0 0 0 0)) ((0 0 0 0 0 0 0) (0 0 0 0 1 0 0) (0 0 0 0 1 0 0) (0 0 0 0 0 0 0) (0 0 1 1 1 1 1) (1 1 1 1 1 1 1) (1 1 1 1 1 1 1) (1 1 1 1 1 1 1))) 27 2788 ((((0 0 0 0 0 0 0) (0 0 0 0 0 0 0) (0 0 0 0 0 0 0) (0 0 0 0 0 0 0) (0 1 0 0 0 0 0) (0 1 0 0 0 0 0) (0 0 0 0 0 0 0) (0 0 0 0 0 0 0)) ((0 0 0 0 0 0 0) (0 0 0 0 1 0 0) (0 0 0 0 1 0 0) (0 0 0 0 0 0 0) (0 0 0 1 1 1 1) (1 1 1 1 1 1 1) (1 1 1 1 1 1 1) (1 1 1 1 1 1 1))) 26 2822 ((((0 0 0 0 0 0 0) (0 0 0 0 0 0 0) (0 0 0 0 0 0 0) (0 0 0 0 0 0 0) (0 1 0 0 0 0 0) (0 1 0 0 0 0 0) (0 0 0 0 0 0 0) (0 0 0 0 0 0 0)) ((0 0 0 0 0 0 0) (0 0 0 0 1 0 0) (0 0 0 0 1 0 0) (0 0 0 0 0 0 0) (0 0 0 0 1 1 1) (1 1 1 1 1 1 1) (1 1 1 1 1 1 1) (1 1 1 1 1 1 1))) 25 2856 ((((0 0 0 0 0 0 0) (0 0 0 0 0 0 0) (0 0 0 0 0 0 0) (0 0 0 0 0 0 0) (0 1 0 0 0 0 0) (0 1 0 0 0 0 0) (0 0 0 0 0 0 0) (0 0 0 0 0 0 0)) ((0 0 0 0 0 0 0) (0 0 0 0 1 0 0) (0 0 0 0 1 0 0) (0 0 0 0 0 0 0) (0 0 0 0 0 1 1) (1 1 1 1 1 1 1) (1 1 1 1 1 1 1) (1 1 1 1 1 1 1))) 24 2890 ((((0 0 0 0 0 0 0) (0 0 0 0 0 0 0) (0 0 0 0 0 0 0) (0 0 0 0 0 0 0) (0 1 0 0 0 0 0) (0 1 0 0 0 0 0) (0 0 0 0 0 0 0) (0 0 0 0 0 0 0)) ((0 0 0 0 0 0 0) (0 0 0 0 1 0 0) (0 0 0 0 1 0 0) (0 0 0 0 0 0 0) (0 0 0 0 0 0 1) (1 1 1 1 1 1 1) (1 1 1 1 1 1 1) (1 1 1 1 1 1 1))) 23 2924 ((((0 0 0 0 0 0 0) (0 0 0 0 0 0 0) (0 0 0 0 0 0 0) (0 0 0 0 0 0 0) (0 1 0 0 0 0 0) (0 1 0 0 0 0 0) (0 0 0 0 0 0 0) (0 0 0 0 0 0 0)) ((0 0 0 0 0 0 0) (0 0 0 0 1 0 0) (0 0 0 0 1 0 0) (0 0 0 0 0 0 0) (0 0 0 0 0 0 0) (1 1 1 1 1 1 1) (1 1 1 1 1 1 1) (1 1 1 1 1 1 1))) 22 2958 ((((0 0 0 0 0 0 0) (0 0 0 0 0 0 0) (0 0 0 0 0 0 0) (0 0 0 0 0 0 0) (0 1 0 0 0 0 0) (0 1 0 0 0 0 0) (0 0 0 0 0 0 0) (0 0 0 0 0 0 0)) ((0 0 0 0 0 0 0) (0 0 0 0 1 0 0) (0 0 0 0 1 0 0) (0 0 0 0 0 0 0) (0 0 0 0 0 0 0) (0 1 1 1 1 1 1) (1 1 1 1 1 1 1) (1 1 1 1 1 1 1))) 21 2992 ((((0 0 0 0 0 0 0) (0 0 0 0 0 0 0) (0 0 0 0 0 0 0) (0 0 0 0 0 0 0) (0 1 0 0 0 0 0) (0 1 0 0 0 0 0) (0 0 0 0 0 0 0) (0 0 0 0 0 0 0)) ((0 0 0 0 0 0 0) (0 0 0 0 1 0 0) (0 0 0 0 1 0 0) (0 0 0 0 0 0 0) (0 0 0 0 0 0 0) (0 0 1 1 1 1 1) (1 1 1 1 1 1 1) (1 1 1 1 1 1 1))) 20 3026 ((((0 0 0 0 0 0 0) (0 0 0 0 0 0 0) (0 0 0 0 0 0 0) (0 0 0 0 0 0 0) (0 1 0 0 0 0 0) (0 1 0 0 0 0 0) (0 0 0 0 0 0 0) (0 0 0 0 0 0 0)) ((0 0 0 0 0 0 0) (0 0 0 0 1 0 0) (0 0 0 0 1 0 0) (0 0 0 0 0 0 0) (0 0 0 0 0 0 0) (0 0 0 1 1 1 1) (1 1 1 1 1 1 1) (1 1 1 1 1 1 1))) 19 3060 ((((0 0 0 0 0 0 0) (0 0 0 0 0 0 0) (0 0 0 0 0 0 0) (0 0 0 0 0 0 0) (0 1 0 0 0 0 0) (0 1 0 0 0 0 0) (0 0 0 0 0 0 0) (0 0 0 0 0 0 0)) ((0 0 0 0 0 0 0) (0 0 0 0 1 0 0) (0 0 0 0 1 0 0) (0 0 0 0 0 0 0) (0 0 0 0 0 0 0) (0 0 0 0 1 1 1) (1 1 1 1 1 1 1) (1 1 1 1 1 1 1))) 18 3094 ((((0 0 0 0 0 0 0) (0 0 0 0 0 0 0) (0 0 0 0 0 0 0) (0 0 0 0 0 0 0) (0 1 0 0 0 0 0) (0 1 0 0 0 0 0) (0 0 0 0 0 0 0) (0 0 0 0 0 0 0)) ((0 0 0 0 0 0 0) (0 0 0 0 1 0 0) (0 0 0 0 1 0 0) (0 0 0 0 0 0 0) (0 0 0 0 0 0 0) (0 0 0 0 0 1 1) (1 1 1 1 1 1 1) (1 1 1 1 1 1 1))) 17 3128 ((((0 0 0 0 0 0 0) (0 0 0 0 0 0 0) (0 0 0 0 0 0 0) (0 0 0 0 0 0 0) (0 1 0 0 0 0 0) (0 1 0 0 0 0 0) (0 0 0 0 0 0 0) (0 0 0 0 0 0 0)) ((0 0 0 0 0 0 0) (0 0 0 0 1 0 0) (0 0 0 0 1 0 0) (0 0 0 0 0 0 0) (0 0 0 0 0 0 0) (0 0 0 0 0 0 1) (1 1 1 1 1 1 1) (1 1 1 1 1 1 1))) 16 3162 ((((0 0 0 0 0 0 0) (0 0 0 0 0 0 0) (0 0 0 0 0 0 0) (0 0 0 0 0 0 0) (0 1 0 0 0 0 0) (0 1 0 0 0 0 0) (0 0 0 0 0 0 0) (0 0 0 0 0 0 0)) ((0 0 0 0 0 0 0) (0 0 0 0 1 0 0) (0 0 0 0 1 0 0) (0 0 0 0 0 0 0) (0 0 0 0 0 0 0) (0 0 0 0 0 0 0) (1 1 1 1 1 1 1) (1 1 1 1 1 1 1))) 15 3196 ((((0 0 0 0 0 0 0) (0 0 0 0 0 0 0) (0 0 0 0 0 0 0) (0 0 0 0 0 0 0) (0 1 0 0 0 0 0) (0 1 0 0 0 0 0) (0 0 0 0 0 0 0) (0 0 0 0 0 0 0)) ((0 0 0 0 0 0 0) (0 0 0 0 1 0 0) (0 0 0 0 1 0 0) (0 0 0 0 0 0 0) (0 0 0 0 0 0 0) (0 0 0 0 0 0 0) (0 1 1 1 1 1 1) (1 1 1 1 1 1 1))) 14 3230 ((((0 0 0 0 0 0 0) (0 0 0 0 0 0 0) (0 0 0 0 0 0 0) (0 0 0 0 0 0 0) (0 1 0 0 0 0 0) (0 1 0 0 0 0 0) (0 0 0 0 0 0 0) (0 0 0 0 0 0 0)) ((0 0 0 0 0 0 0) (0 0 0 0 1 0 0) (0 0 0 0 1 0 0) (0 0 0 0 0 0 0) (0 0 0 0 0 0 0) (0 0 0 0 0 0 0) (0 0 1 1 1 1 1) (1 1 1 1 1 1 1))) 13 3264 ((((0 0 0 0 0 0 0) (0 0 0 0 0 0 0) (0 0 0 0 0 0 0) (0 0 0 0 0 0 0) (0 1 0 0 0 0 0) (0 1 0 0 0 0 0) (0 0 0 0 0 0 0) (0 0 0 0 0 0 0)) ((0 0 0 0 0 0 0) (0 0 0 0 1 0 0) (0 0 0 0 1 0 0) (0 0 0 0 0 0 0) (0 0 0 0 0 0 0) (0 0 0 0 0 0 0) (0 0 0 1 1 1 1) (1 1 1 1 1 1 1))) 12 3298 ((((0 0 0 0 0 0 0) (0 0 0 0 0 0 0) (0 0 0 0 0 0 0) (0 0 0 0 0 0 0) (0 1 0 0 0 0 0) (0 1 0 0 0 0 0) (0 0 0 0 0 0 0) (0 0 0 0 0 0 0)) ((0 0 0 0 0 0 0) (0 0 0 0 1 0 0) (0 0 0 0 1 0 0) (0 0 0 0 0 0 0) (0 0 0 0 0 0 0) (0 0 0 0 0 0 0) (0 0 0 0 1 1 1) (1 1 1 1 1 1 1))) 11 3332 ((((0 0 0 0 0 0 0) (0 0 0 0 0 0 0) (0 0 0 0 0 0 0) (0 0 0 0 0 0 0) (0 1 0 0 0 0 0) (0 1 0 0 0 0 0) (0 0 0 0 0 0 0) (0 0 0 0 0 0 0)) ((0 0 0 0 0 0 0) (0 0 0 0 1 0 0) (0 0 0 0 1 0 0) (0 0 0 0 0 0 0) (0 0 0 0 0 0 0) (0 0 0 0 0 0 0) (0 0 0 0 0 1 1) (1 1 1 1 1 1 1))) 10 3366 ((((0 0 0 0 0 0 0) (0 0 0 0 0 0 0) (0 0 0 0 0 0 0) (0 0 0 0 0 0 0) (0 1 0 0 0 0 0) (0 1 0 0 0 0 0) (0 0 0 0 0 0 0) (0 0 0 0 0 0 0)) ((0 0 0 0 0 0 0) (0 0 0 0 1 0 0) (0 0 0 0 1 0 0) (0 0 0 0 0 0 0) (0 0 0 0 0 0 0) (0 0 0 0 0 0 0) (0 0 0 0 0 0 1) (1 1 1 1 1 1 1))) 9 3400 ((((0 0 0 0 0 0 0) (0 0 0 0 0 0 0) (0 0 0 0 0 0 0) (0 0 0 0 0 0 0) (0 1 0 0 0 0 0) (0 1 0 0 0 0 0) (0 0 0 0 0 0 0) (0 0 0 0 0 0 0)) ((0 0 0 0 0 0 0) (0 0 0 0 1 0 0) (0 0 0 0 1 0 0) (0 0 0 0 0 0 0) (0 0 0 0 0 0 0) (0 0 0 0 0 0 0) (0 0 0 0 0 0 0) (1 1 1 1 1 1 1))) 8 3434 ((((0 0 0 0 0 0 0) (0 0 0 0 0 0 0) (0 0 0 0 0 0 0) (0 0 0 0 0 0 0) (0 1 0 0 0 0 0) (0 1 0 0 0 0 0) (0 0 0 0 0 0 0) (0 0 0 0 0 0 0)) ((0 0 0 0 0 0 0) (0 0 0 0 1 0 0) (0 0 0 0 1 0 0) (0 0 0 0 0 0 0) (0 0 0 0 0 0 0) (0 0 0 0 0 0 0) (0 0 0 0 0 0 0) (0 1 1 1 1 1 1))) 7 3468 ((((0 0 0 0 0 0 0) (0 0 0 0 0 0 0) (0 0 0 0 0 0 0) (0 0 0 0 0 0 0) (0 1 0 0 0 0 0) (0 1 0 0 0 0 0) (0 0 0 0 0 0 0) (0 0 0 0 0 0 0)) ((0 0 0 0 0 0 0) (0 0 0 0 1 0 0) (0 0 0 0 1 0 0) (0 0 0 0 0 0 0) (0 0 0 0 0 0 0) (0 0 0 0 0 0 0) (0 0 0 0 0 0 0) (0 0 1 1 1 1 1))) 6 3502 ((((0 0 0 0 0 0 0) (0 0 0 0 0 0 0) (0 0 0 0 0 0 0) (0 0 0 0 0 0 0) (0 1 0 0 0 0 0) (0 1 0 0 0 0 0) (0 0 0 0 0 0 0) (0 0 0 0 0 0 0)) ((0 0 0 0 0 0 0) (0 0 0 0 1 0 0) (0 0 0 0 1 0 0) (0 0 0 0 0 0 0) (0 0 0 0 0 0 0) (0 0 0 0 0 0 0) (0 0 0 0 0 0 0) (0 0 0 1 1 1 1))) 5 3536 ((((0 0 0 0 0 0 0) (0 0 0 0 0 0 0) (0 0 0 0 0 0 0) (0 0 0 0 0 0 0) (0 1 0 0 0 0 0) (0 1 0 0 0 0 0) (0 0 0 0 0 0 0) (0 0 0 0 0 0 0)) ((0 0 0 0 0 0 0) (0 0 0 0 1 0 0) (0 0 0 0 1 0 0) (0 0 0 0 0 0 0) (0 0 0 0 0 0 0) (0 0 0 0 0 0 0) (0 0 0 0 0 0 0) (0 0 0 0 1 1 1))) 4 3570 ((((0 0 0 0 0 0 0) (0 0 0 0 0 0 0) (0 0 0 0 0 0 0) (0 0 0 0 0 0 0) (0 1 0 0 0 0 0) (0 1 0 0 0 0 0) (0 0 0 0 0 0 0) (0 0 0 0 0 0 0)) ((0 0 0 0 0 0 0) (0 0 0 0 1 0 0) (0 0 0 0 1 0 0) (0 0 0 0 0 0 0) (0 0 0 0 0 0 0) (0 0 0 0 0 0 0) (0 0 0 0 0 0 0) (0 0 0 0 0 1 1))) 3 3604 ((((0 0 0 0 0 0 0) (0 0 0 0 0 0 0) (0 0 0 0 0 0 0) (0 0 0 0 0 0 0) (0 1 0 0 0 0 0) (0 1 0 0 0 0 0) (0 0 0 0 0 0 0) (0 0 0 0 0 0 0)) ((0 0 0 0 0 0 0) (0 0 0 0 1 0 0) (0 0 0 0 1 0 0) (0 0 0 0 0 0 0) (0 0 0 0 0 0 0) (0 0 0 0 0 0 0) (0 0 0 0 0 0 0) (0 0 0 0 0 0 1))) 2 3638 ((((0 0 0 0 0 0 0) (0 0 0 0 0 0 0) (0 0 0 0 0 0 0) (0 0 0 0 0 0 0) (0 1 0 0 0 0 0) (0 1 0 0 0 0 0) (0 0 0 0 0 0 0) (0 0 0 0 0 0 0)) ((0 0 0 0 0 0 0) (0 0 0 0 1 0 0) (0 0 0 0 1 0 0) (0 0 0 0 0 0 0) (0 0 0 0 0 0 0) (0 0 0 0 0 0 0) (0 0 0 0 0 0 0) (0 0 0 0 0 0 0))) 1 3672 ((((0 0 0 0 0 0 0) (0 0 0 0 0 0 0) (0 0 0 0 0 0 0) (0 0 0 0 0 0 0) (0 1 0 0 0 0 0) (0 1 0 0 0 0 0) (0 0 0 0 0 0 0) (0 0 0 0 0 0 0)) ((0 0 0 0 0 0 0) (0 0 0 0 1 0 0) (0 0 0 0 0 0 0) (0 0 0 0 0 0 0) (0 0 0 0 0 0 0) (0 0 0 0 0 0 0) (0 0 0 0 0 0 0) (0 0 0 0 0 0 0))) 0 3815 NIL)))))))))))))))))))))))))))))))))))))))))))))))))))))))))))))))))))))))))))))))))))))))))))))) 
Numero de nos gerados: 5858 
Numero de nos expandidos: 93 
Profundidade da solucao: 93 
Penetrancia: 0.015875726 
Fator Ramificacao Media: 1.0652812 
====================================================================================== 



